6450,2000,274,15
6450,2001,288,15
6450,2002,288,15
6450,2003,288,15
6450,2004,294,15
6450,2005,297,15
6450,2006,297,15
6450,2007,293,15
6450,2008,287,15
6450,2009,293,15
6450,2010,271,15
6450,2012,299,15
6450,2013,274,15
6450,2014,303,15
6450,2015,297,15
6477,2000,288,16
6477,2001,293,16
6477,2002,282,16
6477,2003,288,16
6477,2004,296,16
6477,2005,298,16
6477,2006,297,16
6477,2007,298,16
6477,2008,292,16
6477,2009,297,16
6477,2010,295,16
6477,2011,295,16
6477,2012,293,16
6477,2013,288,16
6477,2014,297,16
6477,2015,293,16
6494,2000,296,15
6494,2001,296,15
6494,2002,275,15
6494,2003,299,15
6494,2004,293,15
6494,2005,295,15
6494,2006,295,15
6494,2007,266,15
6494,2008,261,15
6494,2009,263,15
6494,2010,270,15
6494,2011,276,15
6494,2012,271,15
6494,2013,302,15
6494,2014,289,15
6533,2000,286,16
6533,2001,309,16
6533,2002,263,16
6533,2003,292,16
6533,2004,266,16
6533,2005,277,16
6533,2006,294,16
6533,2007,261,16
6533,2008,281,16
6533,2009,282,16
6533,2010,270,16
6533,2011,281,16
6533,2012,295,16
6533,2013,272,16
6533,2014,280,16
6533,2015,288,16
6561,2000,292,16
6561,2001,303,16
6561,2002,296,16
6561,2003,293,16
6561,2004,296,16
6561,2005,300,16
6561,2006,294,16
6561,2007,303,16
6561,2008,292,16
6561,2009,302,16
6561,2010,285,16
6561,2011,301,16
6561,2012,295,16
6561,2013,293,16
6561,2014,301,16
6561,2015,292,16
6571,2000,303,16
6571,2001,308,16
6571,2002,290,16
6571,2003,298,16
6571,2004,296,16
6571,2005,300,16
6571,2006,306,16
6571,2007,299,16
6571,2008,302,16
6571,2009,310,16
6571,2010,300,16
6571,2011,302,16
6571,2012,298,16
6571,2013,287,16
6571,2014,305,16
6571,2015,305,16
6609,2000,256,15
6609,2001,262,15
6609,2002,258,15
6609,2003,253,15
6609,2004,293,15
6609,2005,288,15
6609,2006,290,15
6609,2007,281,15
6609,2008,298,15
6609,2009,285,15
6609,2010,283,15
6609,2012,289,15
6609,2013,291,15
6609,2014,296,15
6609,2015,298,15
6617,2000,267,16
6617,2001,264,16
6617,2002,255,16
6617,2003,280,16
6617,2004,278,16
6617,2005,279,16
6617,2006,269,16
6617,2007,258,16
6617,2008,254,16
6617,2009,281,16
6617,2010,261,16
6617,2011,278,16
6617,2012,285,16
6617,2013,267,16
6617,2014,260,16
6617,2015,274,16
6620,2000,262,16
6620,2001,274,16
6620,2002,258,16
6620,2003,253,16
6620,2004,294,16
6620,2005,293,16
6620,2006,287,16
6620,2007,275,16
6620,2008,278,16
6620,2009,279,16
6620,2010,276,16
6620,2011,279,16
6620,2012,280,16
6620,2013,283,16
6620,2014,285,16
6620,2015,283,16
6638,2001,251,15
6638,2002,258,15
6638,2003,263,15
6638,2004,254,15
6638,2005,273,15
6638,2006,283,15
6638,2007,249,15
6638,2008,268,15
6638,2009,272,15
6638,2010,252,15
6638,2011,253,15
6638,2012,265,15
6638,2013,258,15
6638,2014,263,15
6638,2015,248,15
6639,2000,264,16
6639,2001,289,16
6639,2002,276,16
6639,2003,279,16
6639,2004,298,16
6639,2005,285,16
6639,2006,295,16
6639,2007,288,16
6639,2008,292,16
6639,2009,283,16
6639,2010,289,16
6639,2011,296,16
6639,2012,302,16
6639,2013,288,16
6639,2014,295,16
6639,2015,284,16
6646,2000,259,16
6646,2001,253,16
6646,2002,269,16
6646,2003,267,16
6646,2004,272,16
6646,2005,277,16
6646,2006,279,16
6646,2007,271,16
6646,2008,276,16
6646,2009,270,16
6646,2010,268,16
6646,2011,271,16
6646,2012,274,16
6646,2013,277,16
6646,2014,282,16
6646,2015,283,16
6662,2000,285,16
6662,2001,281,16
6662,2002,283,16
6662,2003,275,16
6662,2004,284,16
6662,2005,281,16
6662,2006,279,16
6662,2007,266,16
6662,2008,280,16
6662,2009,291,16
6662,2010,281,16
6662,2011,283,16
6662,2012,269,16
6662,2013,285,16
6662,2014,275,16
6662,2015,288,16
6705,2000,271,15
6705,2001,274,15
6705,2002,276,15
6705,2003,283,15
6705,2004,281,15
6705,2005,268,15
6705,2007,256,15
6705,2008,279,15
6705,2009,288,15
6705,2010,283,15
6705,2011,292,15
6705,2012,294,15
6705,2013,278,15
6705,2014,293,15
6705,2015,304,15
6715,1999,291,17
6715,2000,284,17
6715,2001,278,17
6715,2002,274,17
6715,2003,272,17
6715,2004,301,17
6715,2005,288,17
6715,2006,297,17
6715,2007,280,17
6715,2008,284,17
6715,2009,258,17
6715,2010,287,17
6715,2011,304,17
6715,2012,277,17
6715,2013,291,17
6715,2014,286,17
6715,2015,271,17
6716,1999,305,17
6716,2000,292,17
6716,2001,280,17
6716,2002,280,17
6716,2003,294,17
6716,2004,297,17
6716,2005,287,17
6716,2006,293,17
6716,2007,280,17
6716,2008,279,17
6716,2009,304,17
6716,2010,281,17
6716,2011,296,17
6716,2012,291,17
6716,2013,295,17
6716,2014,281,17
6716,2015,283,17
6717,1996,276,19
6717,1997,293,19
6717,1998,288,19
6717,1999,275,19
6717,2000,289,19
6717,2001,293,19
6717,2002,275,19
6717,2004,296,19
6717,2005,293,19
6717,2006,297,19
6717,2007,298,19
6717,2008,303,19
6717,2009,300,19
6717,2010,277,19
6717,2011,288,19
6717,2012,301,19
6717,2013,303,19
6717,2014,296,19
6717,2015,285,19
6720,1996,265,20
6720,1997,295,20
6720,1998,279,20
6720,1999,282,20
6720,2000,281,20
6720,2001,270,20
6720,2002,278,20
6720,2003,280,20
6720,2004,295,20
6720,2005,295,20
6720,2006,291,20
6720,2007,277,20
6720,2008,278,20
6720,2009,286,20
6720,2010,286,20
6720,2011,289,20
6720,2012,296,20
6720,2013,290,20
6720,2014,301,20
6720,2015,283,20
6725,1996,273,19
6725,1998,289,19
6725,1999,299,19
6725,2000,291,19
6725,2001,273,19
6725,2002,281,19
6725,2003,295,19
6725,2004,297,19
6725,2005,284,19
6725,2006,290,19
6725,2007,275,19
6725,2008,279,19
6725,2009,287,19
6725,2010,277,19
6725,2011,304,19
6725,2012,290,19
6725,2013,292,19
6725,2014,282,19
6725,2015,273,19
6726,1996,294,15
6726,1997,314,15
6726,1998,308,15
6726,1999,297,15
6726,2000,290,15
6726,2001,286,15
6726,2002,283,15
6726,2003,315,15
6726,2004,303,15
6726,2005,288,15
6726,2006,288,15
6726,2007,303,15
6726,2008,294,15
6726,2009,298,15
6726,2010,289,15
6728,1999,288,16
6728,2000,291,16
6728,2001,262,16
6728,2002,268,16
6728,2004,284,16
6728,2005,286,16
6728,2006,290,16
6728,2007,290,16
6728,2008,280,16
6728,2009,282,16
6728,2010,279,16
6728,2011,298,16
6728,2012,289,16
6728,2013,285,16
6728,2014,276,16
6728,2015,281,16
6729,1996,260,19
6729,1997,265,19
6729,1999,285,19
6729,2000,289,19
6729,2001,290,19
6729,2002,286,19
6729,2003,288,19
6729,2004,286,19
6729,2005,288,19
6729,2006,291,19
6729,2007,282,19
6729,2008,291,19
6729,2009,301,19
6729,2010,299,19
6729,2011,295,19
6729,2012,299,19
6729,2013,292,19
6729,2014,295,19
6729,2015,290,19
6730,1998,293,17
6730,1999,263,17
6730,2000,269,17
6730,2001,268,17
6730,2002,285,17
6730,2004,289,17
6730,2005,270,17
6730,2006,273,17
6730,2007,273,17
6730,2008,274,17
6730,2009,280,17
6730,2010,258,17
6730,2011,285,17
6730,2012,279,17
6730,2013,278,17
6730,2014,283,17
6730,2015,278,17
6731,1997,298,15
6731,1999,276,15
6731,2000,284,15
6731,2001,268,15
6731,2004,296,15
6731,2005,293,15
6731,2006,294,15
6731,2007,288,15
6731,2008,284,15
6731,2009,299,15
6731,2010,291,15
6731,2011,301,15
6731,2012,297,15
6731,2013,294,15
6731,2015,295,15
6734,1996,285,20
6734,1997,303,20
6734,1998,277,20
6734,1999,293,20
6734,2000,297,20
6734,2001,278,20
6734,2002,283,20
6734,2003,288,20
6734,2004,292,20
6734,2005,278,20
6734,2006,285,20
6734,2007,276,20
6734,2008,280,20
6734,2009,282,20
6734,2010,272,20
6734,2011,293,20
6734,2012,283,20
6734,2013,283,20
6734,2014,270,20
6734,2015,273,20
6735,1998,297,16
6735,1999,283,16
6735,2000,294,16
6735,2001,293,16
6735,2002,281,16
6735,2004,293,16
6735,2006,247,16
6735,2007,273,16
6735,2008,285,16
6735,2009,284,16
6735,2010,279,16
6735,2011,292,16
6735,2012,286,16
6735,2013,274,16
6735,2014,274,16
6735,2015,272,16
6737,1996,276,20
6737,1997,288,20
6737,1998,278,20
6737,1999,263,20
6737,2000,278,20
6737,2001,278,20
6737,2002,275,20
6737,2003,278,20
6737,2004,296,20
6737,2005,279,20
6737,2006,293,20
6737,2007,282,20
6737,2008,286,20
6737,2009,263,20
6737,2010,275,20
6737,2011,285,20
6737,2012,282,20
6737,2013,264,20
6737,2014,280,20
6737,2015,289,20
6738,1997,263,18
6738,1998,292,18
6738,1999,293,18
6738,2000,284,18
6738,2001,309,18
6738,2002,288,18
6738,2003,307,18
6738,2004,299,18
6738,2005,298,18
6738,2006,288,18
6738,2007,273,18
6738,2008,286,18
6738,2009,278,18
6738,2011,283,18
6738,2012,279,18
6738,2013,287,18
6738,2014,276,18
6738,2015,291,18
6739,1996,253,15
6739,1997,321,15
6739,1998,271,15
6739,1999,264,15
6739,2000,270,15
6739,2003,258,15
6739,2004,236,15
6739,2008,283,15
6739,2009,283,15
6739,2010,281,15
6739,2011,296,15
6739,2012,300,15
6739,2013,296,15
6739,2014,310,15
6739,2015,296,15
6742,1996,273,20
6742,1997,289,20
6742,1998,283,20
6742,1999,272,20
6742,2000,272,20
6742,2001,274,20
6742,2002,276,20
6742,2003,281,20
6742,2004,299,20
6742,2005,295,20
6742,2006,295,20
6742,2007,279,20
6742,2008,286,20
6742,2009,296,20
6742,2010,281,20
6742,2011,288,20
6742,2012,286,20
6742,2013,296,20
6742,2014,294,20
6742,2015,284,20
6744,1996,290,20
6744,1997,253,20
6744,1998,293,20
6744,1999,302,20
6744,2000,299,20
6744,2001,291,20
6744,2002,284,20
6744,2003,304,20
6744,2004,304,20
6744,2005,299,20
6744,2006,308,20
6744,2007,295,20
6744,2008,285,20
6744,2009,302,20
6744,2010,298,20
6744,2011,300,20
6744,2012,301,20
6744,2013,314,20
6744,2014,312,20
6744,2015,291,20
6745,1996,259,20
6745,1997,278,20
6745,1998,273,20
6745,1999,283,20
6745,2000,275,20
6745,2001,272,20
6745,2002,273,20
6745,2003,271,20
6745,2004,279,20
6745,2005,277,20
6745,2006,278,20
6745,2007,270,20
6745,2008,276,20
6745,2009,264,20
6745,2010,274,20
6745,2011,273,20
6745,2012,281,20
6745,2013,295,20
6745,2014,277,20
6745,2015,265,20
6749,1998,285,15
6749,1999,288,15
6749,2000,298,15
6749,2001,303,15
6749,2002,285,15
6749,2004,297,15
6749,2005,298,15
6749,2006,303,15
6749,2007,281,15
6749,2008,292,15
6749,2009,301,15
6749,2010,100,15
6749,2012,302,15
6749,2013,293,15
6749,2014,317,15
6750,1996,269,19
6750,1997,267,19
6750,1998,254,19
6750,1999,280,19
6750,2000,287,19
6750,2001,258,19
6750,2002,265,19
6750,2003,261,19
6750,2005,272,19
6750,2006,286,19
6750,2007,269,19
6750,2008,277,19
6750,2009,285,19
6750,2010,280,19
6750,2011,286,19
6750,2012,295,19
6750,2013,297,19
6750,2014,304,19
6750,2015,282,19
6755,1996,275,20
6755,1997,293,20
6755,1998,291,20
6755,1999,286,20
6755,2000,273,20
6755,2001,293,20
6755,2002,276,20
6755,2003,288,20
6755,2004,269,20
6755,2005,288,20
6755,2006,291,20
6755,2007,273,20
6755,2008,282,20
6755,2009,301,20
6755,2010,265,20
6755,2011,285,20
6755,2012,286,20
6755,2013,285,20
6755,2014,295,20
6755,2015,274,20
6756,1998,288,16
6756,2001,275,16
6756,2002,287,16
6756,2003,294,16
6756,2004,280,16
6756,2005,285,16
6756,2006,288,16
6756,2007,274,16
6756,2008,282,16
6756,2009,297,16
6756,2010,285,16
6756,2011,291,16
6756,2012,292,16
6756,2013,293,16
6756,2014,288,16
6756,2015,281,16
6757,1996,283,19
6757,1997,304,19
6757,1998,287,19
6757,1999,293,19
6757,2000,297,19
6757,2001,300,19
6757,2002,255,19
6757,2003,267,19
6757,2004,296,19
6757,2005,277,19
6757,2006,287,19
6757,2007,283,19
6757,2008,278,19
6757,2009,269,19
6757,2010,275,19
6757,2011,283,19
6757,2012,280,19
6757,2013,289,19
6757,2014,277,19
6764,1996,264,19
6764,1997,291,19
6764,1998,293,19
6764,1999,288,19
6764,2000,300,19
6764,2002,289,19
6764,2003,293,19
6764,2004,300,19
6764,2005,298,19
6764,2006,301,19
6764,2007,284,19
6764,2008,281,19
6764,2009,285,19
6764,2010,291,19
6764,2011,298,19
6764,2012,290,19
6764,2013,294,19
6764,2014,303,19
6764,2015,276,19
6766,1996,281,15
6766,1997,299,15
6766,1998,278,15
6766,1999,291,15
6766,2000,294,15
6766,2001,295,15
6766,2002,290,15
6766,2003,289,15
6766,2004,298,15
6766,2005,283,15
6766,2006,297,15
6766,2007,292,15
6766,2008,288,15
6766,2009,301,15
6766,2010,297,15
6767,1996,278,20
6767,1997,293,20
6767,1998,287,20
6767,1999,296,20
6767,2000,292,20
6767,2001,298,20
6767,2002,282,20
6767,2003,290,20
6767,2004,298,20
6767,2005,284,20
6767,2006,291,20
6767,2007,279,20
6767,2008,279,20
6767,2009,285,20
6767,2010,275,20
6767,2011,287,20
6767,2012,287,20
6767,2013,291,20
6767,2014,283,20
6767,2015,277,20
6768,1996,269,19
6768,1997,298,19
6768,1998,276,19
6768,1999,281,19
6768,2000,278,19
6768,2001,271,19
6768,2002,283,19
6768,2003,286,19
6768,2005,283,19
6768,2006,286,19
6768,2007,246,19
6768,2008,289,19
6768,2009,276,19
6768,2010,274,19
6768,2011,281,19
6768,2012,278,19
6768,2013,288,19
6768,2014,278,19
6768,2015,277,19
6770,1999,283,17
6770,2000,297,17
6770,2001,294,17
6770,2002,285,17
6770,2003,310,17
6770,2004,305,17
6770,2005,293,17
6770,2006,293,17
6770,2007,293,17
6770,2008,283,17
6770,2009,293,17
6770,2010,293,17
6770,2011,292,17
6770,2012,301,17
6770,2013,296,17
6770,2014,283,17
6770,2015,296,17
6771,1996,293,17
6771,1997,300,17
6771,1998,300,17
6771,1999,295,17
6771,2000,300,17
6771,2001,305,17
6771,2002,292,17
6771,2003,298,17
6771,2004,289,17
6771,2005,275,17
6771,2007,283,17
6771,2008,283,17
6771,2009,280,17
6771,2010,302,17
6771,2011,293,17
6771,2013,295,17
6771,2015,283,17
6772,1996,262,20
6772,1997,285,20
6772,1998,294,20
6772,1999,258,20
6772,2000,292,20
6772,2001,276,20
6772,2002,285,20
6772,2003,264,20
6772,2004,297,20
6772,2005,303,20
6772,2006,309,20
6772,2007,293,20
6772,2008,300,20
6772,2009,295,20
6772,2010,298,20
6772,2011,299,20
6772,2012,292,20
6772,2013,294,20
6772,2014,292,20
6772,2015,278,20
6775,1996,275,19
6775,1997,264,19
6775,1999,287,19
6775,2000,286,19
6775,2001,286,19
6775,2002,290,19
6775,2003,292,19
6775,2004,303,19
6775,2005,303,19
6775,2006,301,19
6775,2007,296,19
6775,2008,284,19
6775,2009,286,19
6775,2010,288,19
6775,2011,280,19
6775,2012,288,19
6775,2013,284,19
6775,2014,282,19
6775,2015,276,19
6776,1996,282,19
6776,1997,288,19
6776,1998,291,19
6776,1999,293,19
6776,2000,294,19
6776,2001,306,19
6776,2002,298,19
6776,2003,293,19
6776,2004,304,19
6776,2005,288,19
6776,2006,288,19
6776,2007,279,19
6776,2008,286,19
6776,2009,303,19
6776,2010,297,19
6776,2011,289,19
6776,2012,293,19
6776,2013,291,19
6776,2014,287,19
6778,1996,280,20
6778,1997,283,20
6778,1998,283,20
6778,1999,293,20
6778,2000,288,20
6778,2001,318,20
6778,2002,288,20
6778,2003,287,20
6778,2004,296,20
6778,2005,295,20
6778,2006,298,20
6778,2007,283,20
6778,2008,284,20
6778,2009,303,20
6778,2010,289,20
6778,2011,288,20
6778,2012,295,20
6778,2013,293,20
6778,2014,288,20
6778,2015,274,20
6779,1996,268,20
6779,1997,265,20
6779,1998,271,20
6779,1999,288,20
6779,2000,295,20
6779,2001,285,20
6779,2002,276,20
6779,2003,259,20
6779,2004,282,20
6779,2005,283,20
6779,2006,297,20
6779,2007,278,20
6779,2008,285,20
6779,2009,295,20
6779,2010,284,20
6779,2011,291,20
6779,2012,298,20
6779,2013,296,20
6779,2014,286,20
6779,2015,282,20
6782,1997,270,16
6782,1998,268,16
6782,1999,275,16
6782,2000,264,16
6782,2001,259,16
6782,2002,273,16
6782,2003,251,16
6782,2007,294,16
6782,2008,285,16
6782,2009,297,16
6782,2010,295,16
6782,2011,292,16
6782,2012,301,16
6782,2013,300,16
6782,2014,306,16
6782,2015,284,16
6783,1996,277,19
6783,1997,271,19
6783,1998,278,19
6783,1999,272,19
6783,2000,271,19
6783,2001,272,19
6783,2002,255,19
6783,2003,261,19
6783,2004,277,19
6783,2005,282,19
6783,2006,288,19
6783,2007,285,19
6783,2008,289,19
6783,2009,274,19
6783,2010,296,19
6783,2011,303,19
6783,2012,289,19
6783,2014,279,19
6783,2015,288,19
6785,1996,284,20
6785,1997,292,20
6785,1998,283,20
6785,1999,288,20
6785,2000,289,20
6785,2001,275,20
6785,2002,277,20
6785,2003,288,20
6785,2004,291,20
6785,2005,279,20
6785,2006,273,20
6785,2007,272,20
6785,2008,286,20
6785,2009,274,20
6785,2010,268,20
6785,2011,269,20
6785,2012,268,20
6785,2013,281,20
6785,2014,284,20
6785,2015,272,20
6787,1996,284,20
6787,1997,283,20
6787,1998,285,20
6787,1999,287,20
6787,2000,290,20
6787,2001,291,20
6787,2002,293,20
6787,2003,300,20
6787,2004,300,20
6787,2005,293,20
6787,2006,299,20
6787,2007,291,20
6787,2008,290,20
6787,2009,295,20
6787,2010,297,20
6787,2011,298,20
6787,2012,301,20
6787,2013,297,20
6787,2014,300,20
6787,2015,293,20
6789,1997,288,19
6789,1998,289,19
6789,1999,303,19
6789,2000,310,19
6789,2001,305,19
6789,2002,299,19
6789,2003,295,19
6789,2004,300,19
6789,2005,299,19
6789,2006,305,19
6789,2007,301,19
6789,2008,297,19
6789,2009,301,19
6789,2010,302,19
6789,2011,293,19
6789,2012,304,19
6789,2013,298,19
6789,2014,305,19
6789,2015,301,19
6792,1996,273,18
6792,1997,286,18
6792,1998,281,18
6792,2000,279,18
6792,2001,294,18
6792,2002,292,18
6792,2003,275,18
6792,2004,277,18
6792,2005,281,18
6792,2006,276,18
6792,2007,276,18
6792,2009,296,18
6792,2010,292,18
6792,2011,309,18
6792,2012,298,18
6792,2013,272,18
6792,2014,261,18
6792,2015,268,18
6793,1998,293,17
6793,1999,276,17
6793,2000,269,17
6793,2001,264,17
6793,2002,258,17
6793,2004,282,17
6793,2005,288,17
6793,2006,284,17
6793,2007,271,17
6793,2008,284,17
6793,2009,273,17
6793,2010,280,17
6793,2011,273,17
6793,2012,266,17
6793,2013,270,17
6793,2014,274,17
6793,2015,282,17
6795,1997,278,19
6795,1998,258,19
6795,1999,278,19
6795,2000,254,19
6795,2001,283,19
6795,2002,283,19
6795,2003,275,19
6795,2004,269,19
6795,2005,274,19
6795,2006,283,19
6795,2007,263,19
6795,2008,294,19
6795,2009,263,19
6795,2010,283,19
6795,2011,263,19
6795,2012,264,19
6795,2013,278,19
6795,2014,263,19
6795,2015,271,19
6799,1996,264,20
6799,1997,285,20
6799,1998,287,20
6799,1999,289,20
6799,2000,286,20
6799,2001,272,20
6799,2002,278,20
6799,2003,293,20
6799,2004,284,20
6799,2005,286,20
6799,2006,286,20
6799,2007,274,20
6799,2008,275,20
6799,2009,272,20
6799,2010,283,20
6799,2011,292,20
6799,2012,292,20
6799,2013,292,20
6799,2014,282,20
6799,2015,282,20
6804,1996,276,18
6804,1997,276,18
6804,1998,278,18
6804,1999,276,18
6804,2000,279,18
6804,2001,285,18
6804,2002,281,18
6804,2003,302,18
6804,2004,304,18
6804,2005,304,18
6804,2006,319,18
6804,2007,313,18
6804,2008,299,18
6804,2010,283,18
6804,2011,302,18
6804,2012,300,18
6804,2013,311,18
6804,2014,303,18
6805,1996,275,20
6805,1997,283,20
6805,1998,277,20
6805,1999,288,20
6805,2000,289,20
6805,2001,283,20
6805,2002,261,20
6805,2003,283,20
6805,2004,284,20
6805,2005,281,20
6805,2006,279,20
6805,2007,268,20
6805,2008,275,20
6805,2009,284,20
6805,2010,279,20
6805,2011,293,20
6805,2012,279,20
6805,2013,285,20
6805,2014,269,20
6805,2015,283,20
6808,1997,304,16
6808,1998,291,16
6808,1999,293,16
6808,2000,296,16
6808,2001,300,16
6808,2002,278,16
6808,2003,297,16
6808,2006,301,16
6808,2007,283,16
6808,2008,280,16
6808,2009,291,16
6808,2010,295,16
6808,2011,293,16
6808,2012,309,16
6808,2013,291,16
6808,2015,301,16
6813,1996,290,20
6813,1997,277,20
6813,1998,281,20
6813,1999,289,20
6813,2000,286,20
6813,2001,293,20
6813,2002,287,20
6813,2003,283,20
6813,2004,292,20
6813,2005,293,20
6813,2006,299,20
6813,2007,297,20
6813,2008,290,20
6813,2009,289,20
6813,2010,288,20
6813,2011,300,20
6813,2012,288,20
6813,2013,286,20
6813,2014,285,20
6813,2015,289,20
6814,1996,288,19
6814,1997,304,19
6814,1998,297,19
6814,1999,296,19
6814,2000,299,19
6814,2001,303,19
6814,2002,285,19
6814,2004,309,19
6814,2005,304,19
6814,2006,303,19
6814,2007,312,19
6814,2008,287,19
6814,2009,306,19
6814,2010,306,19
6814,2011,300,19
6814,2012,304,19
6814,2013,300,19
6814,2014,306,19
6814,2015,290,19
6815,1997,298,19
6815,1998,298,19
6815,1999,301,19
6815,2000,306,19
6815,2001,307,19
6815,2002,288,19
6815,2003,286,19
6815,2004,298,19
6815,2005,289,19
6815,2006,292,19
6815,2007,281,19
6815,2008,279,19
6815,2009,279,19
6815,2010,292,19
6815,2011,296,19
6815,2012,290,19
6815,2013,289,19
6815,2014,287,19
6815,2015,277,19
6817,1996,261,20
6817,1997,267,20
6817,1998,264,20
6817,1999,282,20
6817,2000,275,20
6817,2001,269,20
6817,2002,273,20
6817,2003,238,20
6817,2004,272,20
6817,2005,262,20
6817,2006,259,20
6817,2007,258,20
6817,2008,267,20
6817,2009,271,20
6817,2010,272,20
6817,2011,280,20
6817,2012,278,20
6817,2013,276,20
6817,2014,275,20
6817,2015,273,20
6819,1996,289,20
6819,1997,300,20
6819,1998,297,20
6819,1999,301,20
6819,2000,290,20
6819,2001,295,20
6819,2002,283,20
6819,2003,293,20
6819,2004,308,20
6819,2005,297,20
6819,2006,300,20
6819,2007,295,20
6819,2008,285,20
6819,2009,301,20
6819,2010,300,20
6819,2011,293,20
6819,2012,295,20
6819,2013,295,20
6819,2014,295,20
6819,2015,300,20
6821,1996,268,20
6821,1997,280,20
6821,1998,271,20
6821,1999,300,20
6821,2000,290,20
6821,2001,272,20
6821,2002,280,20
6821,2003,293,20
6821,2004,268,20
6821,2005,281,20
6821,2006,295,20
6821,2007,248,20
6821,2008,289,20
6821,2009,286,20
6821,2010,283,20
6821,2011,296,20
6821,2012,292,20
6821,2013,260,20
6821,2014,287,20
6821,2015,278,20
6823,1996,282,19
6823,1997,299,19
6823,1998,303,19
6823,1999,285,19
6823,2000,274,19
6823,2001,288,19
6823,2002,266,19
6823,2003,283,19
6823,2004,279,19
6823,2005,278,19
6823,2007,311,19
6823,2008,300,19
6823,2009,297,19
6823,2010,284,19
6823,2011,303,19
6823,2012,286,19
6823,2013,291,19
6823,2014,302,19
6823,2015,270,19
6824,1996,263,20
6824,1997,264,20
6824,1998,277,20
6824,1999,293,20
6824,2000,286,20
6824,2001,285,20
6824,2002,271,20
6824,2003,269,20
6824,2004,268,20
6824,2005,272,20
6824,2006,277,20
6824,2007,269,20
6824,2008,264,20
6824,2009,275,20
6824,2010,264,20
6824,2011,271,20
6824,2012,272,20
6824,2013,282,20
6824,2014,275,20
6824,2015,281,20
6830,1996,269,20
6830,1997,299,20
6830,1998,293,20
6830,1999,293,20
6830,2000,294,20
6830,2001,275,20
6830,2002,281,20
6830,2003,284,20
6830,2004,300,20
6830,2005,282,20
6830,2006,283,20
6830,2007,281,20
6830,2008,288,20
6830,2009,268,20
6830,2010,286,20
6830,2011,276,20
6830,2012,289,20
6830,2013,293,20
6830,2014,298,20
6830,2015,287,20
6840,1997,308,19
6840,1998,293,19
6840,1999,299,19
6840,2000,294,19
6840,2001,292,19
6840,2002,291,19
6840,2003,301,19
6840,2004,299,19
6840,2005,296,19
6840,2006,298,19
6840,2007,291,19
6840,2008,282,19
6840,2009,302,19
6840,2010,294,19
6840,2011,300,19
6840,2012,295,19
6840,2013,291,19
6840,2014,303,19
6840,2015,297,19
6841,1998,273,15
6841,1999,276,15
6841,2000,289,15
6841,2001,263,15
6841,2003,310,15
6841,2004,294,15
6841,2005,264,15
6841,2006,293,15
6841,2008,281,15
6841,2009,287,15
6841,2010,274,15
6841,2012,289,15
6841,2013,288,15
6841,2014,278,15
6841,2015,268,15
6844,1996,264,20
6844,1997,320,20
6844,1998,293,20
6844,1999,291,20
6844,2000,326,20
6844,2001,312,20
6844,2002,284,20
6844,2003,291,20
6844,2004,293,20
6844,2005,288,20
6844,2006,298,20
6844,2007,283,20
6844,2008,287,20
6844,2009,294,20
6844,2010,285,20
6844,2011,295,20
6844,2012,299,20
6844,2013,304,20
6844,2014,299,20
6844,2015,287,20
6846,1996,279,19
6846,1997,298,19
6846,1998,279,19
6846,1999,279,19
6846,2000,300,19
6846,2001,294,19
6846,2002,287,19
6846,2003,293,19
6846,2004,309,19
6846,2005,289,19
6846,2006,296,19
6846,2007,292,19
6846,2008,299,19
6846,2009,309,19
6846,2010,313,19
6846,2012,297,19
6846,2013,292,19
6846,2014,298,19
6846,2015,296,19
6863,1979,277,35
6863,1980,293,35
6863,1981,298,35
6863,1982,283,35
6863,1983,291,35
6863,1984,292,35
6863,1985,287,35
6863,1986,286,35
6863,1987,299,35
6863,1988,302,35
6863,1989,291,35
6863,1990,290,35
6863,1991,295,35
6863,1992,298,35
6863,1993,289,35
6863,1994,282,35
6863,1995,281,35
6863,1996,272,35
6863,1997,283,35
6863,1998,278,35
6863,1999,288,35
6863,2000,290,35
6863,2001,293,35
6863,2002,290,35
6863,2003,293,35
6863,2004,291,35
6863,2005,290,35
6863,2006,291,35
6863,2007,284,35
6863,2008,286,35
6863,2009,284,35
6863,2010,286,35
6863,2011,289,35
6863,2012,290,35
6863,2013,291,35
6865,1979,284,35
6865,1980,289,35
6865,1981,287,35
6865,1982,291,35
6865,1983,286,35
6865,1984,290,35
6865,1985,289,35
6865,1986,296,35
6865,1987,287,35
6865,1988,302,35
6865,1989,290,35
6865,1990,287,35
6865,1991,288,35
6865,1992,290,35
6865,1993,286,35
6865,1994,287,35
6865,1995,285,35
6865,1996,274,35
6865,1997,277,35
6865,1998,282,35
6865,1999,273,35
6865,2000,292,35
6865,2001,298,35
6865,2002,273,35
6865,2003,243,35
6865,2004,258,35
6865,2005,263,35
6865,2006,271,35
6865,2007,268,35
6865,2008,268,35
6865,2009,273,35
6865,2010,271,35
6865,2011,273,35
6865,2012,275,35
6865,2013,292,35
6866,1979,271,35
6866,1980,269,35
6866,1981,293,35
6866,1982,275,35
6866,1983,284,35
6866,1984,284,35
6866,1985,293,35
6866,1986,289,35
6866,1987,273,35
6866,1988,273,35
6866,1989,278,35
6866,1990,258,35
6866,1991,270,35
6866,1992,289,35
6866,1993,244,35
6866,1994,292,35
6866,1995,275,35
6866,1996,275,35
6866,1997,273,35
6866,1998,273,35
6866,1999,254,35
6866,2000,296,35
6866,2001,263,35
6866,2002,273,35
6866,2003,291,35
6866,2004,292,35
6866,2005,273,35
6866,2006,289,35
6866,2007,299,35
6866,2008,289,35
6866,2009,283,35
6866,2010,282,35
6866,2011,301,35
6866,2012,291,35
6866,2013,293,35
6868,1979,287,35
6868,1980,295,35
6868,1981,293,35
6868,1982,300,35
6868,1983,287,35
6868,1984,289,35
6868,1985,299,35
6868,1986,287,35
6868,1987,296,35
6868,1988,307,35
6868,1989,291,35
6868,1990,289,35
6868,1991,297,35
6868,1992,303,35
6868,1993,292,35
6868,1994,302,35
6868,1995,292,35
6868,1996,277,35
6868,1997,301,35
6868,1998,294,35
6868,1999,292,35
6868,2000,297,35
6868,2001,303,35
6868,2002,275,35
6868,2003,301,35
6868,2004,299,35
6868,2005,297,35
6868,2006,268,35
6868,2007,278,35
6868,2008,274,35
6868,2009,277,35
6868,2010,260,35
6868,2011,287,35
6868,2012,290,35
6868,2013,287,35
6869,1979,296,30
6869,1980,307,30
6869,1981,299,30
6869,1982,296,30
6869,1983,292,30
6869,1984,292,30
6869,1985,294,30
6869,1986,283,30
6869,1987,294,30
6869,1988,315,30
6869,1989,291,30
6869,1990,289,30
6869,1991,282,30
6869,1992,300,30
6869,1993,309,30
6869,1994,297,30
6869,1995,307,30
6869,1996,298,30
6869,1997,310,30
6869,1998,296,30
6869,1999,300,30
6869,2000,313,30
6869,2001,308,30
6869,2002,296,30
6869,2003,296,30
6869,2004,300,30
6869,2005,297,30
6869,2006,295,30
6869,2007,302,30
6869,2013,301,30
6870,1979,274,35
6870,1980,289,35
6870,1981,284,35
6870,1982,285,35
6870,1983,288,35
6870,1984,287,35
6870,1985,291,35
6870,1986,290,35
6870,1987,285,35
6870,1988,284,35
6870,1989,281,35
6870,1990,288,35
6870,1991,289,35
6870,1992,290,35
6870,1993,291,35
6870,1994,290,35
6870,1995,290,35
6870,1996,294,35
6870,1997,298,35
6870,1998,274,35
6870,1999,295,35
6870,2000,289,35
6870,2001,299,35
6870,2002,270,35
6870,2003,295,35
6870,2004,291,35
6870,2005,293,35
6870,2006,297,35
6870,2007,271,35
6870,2008,273,35
6870,2009,253,35
6870,2010,283,35
6870,2011,277,35
6870,2012,282,35
6870,2013,282,35
6872,1979,293,33
6872,1980,294,33
6872,1981,293,33
6872,1982,286,33
6872,1983,273,33
6872,1984,284,33
6872,1985,290,33
6872,1986,293,33
6872,1987,292,33
6872,1988,298,33
6872,1989,288,33
6872,1990,273,33
6872,1991,293,33
6872,1992,294,33
6872,1993,268,33
6872,1994,283,33
6872,1995,298,33
6872,1997,293,33
6872,1998,268,33
6872,1999,263,33
6872,2000,286,33
6872,2001,272,33
6872,2002,282,33
6872,2003,285,33
6872,2004,301,33
6872,2005,273,33
6872,2006,269,33
6872,2007,267,33
6872,2009,300,33
6872,2010,270,33
6872,2011,275,33
6872,2012,294,33
6872,2013,272,33
6873,1979,289,35
6873,1980,299,35
6873,1981,288,35
6873,1982,288,35
6873,1983,299,35
6873,1984,292,35
6873,1985,298,35
6873,1986,280,35
6873,1987,288,35
6873,1988,282,35
6873,1989,271,35
6873,1990,293,35
6873,1991,298,35
6873,1992,300,35
6873,1993,303,35
6873,1994,290,35
6873,1995,298,35
6873,1996,270,35
6873,1997,293,35
6873,1998,299,35
6873,1999,271,35
6873,2000,297,35
6873,2001,293,35
6873,2002,288,35
6873,2003,303,35
6873,2004,293,35
6873,2005,295,35
6873,2006,291,35
6873,2007,283,35
6873,2008,284,35
6873,2009,293,35
6873,2010,264,35
6873,2011,265,35
6873,2012,300,35
6873,2013,288,35
6874,1979,286,35
6874,1980,292,35
6874,1981,294,35
6874,1982,298,35
6874,1983,292,35
6874,1984,300,35
6874,1985,297,35
6874,1986,290,35
6874,1987,303,35
6874,1988,305,35
6874,1989,291,35
6874,1990,294,35
6874,1991,298,35
6874,1992,294,35
6874,1993,297,35
6874,1994,298,35
6874,1995,296,35
6874,1996,286,35
6874,1997,297,35
6874,1998,285,35
6874,1999,289,35
6874,2000,298,35
6874,2001,301,35
6874,2002,292,35
6874,2003,301,35
6874,2004,298,35
6874,2005,296,35
6874,2006,293,35
6874,2007,289,35
6874,2008,285,35
6874,2009,294,35
6874,2010,290,35
6874,2011,301,35
6874,2012,300,35
6874,2013,291,35
6875,1979,278,35
6875,1980,294,35
6875,1981,293,35
6875,1982,284,35
6875,1983,277,35
6875,1984,278,35
6875,1985,277,35
6875,1986,271,35
6875,1987,265,35
6875,1988,271,35
6875,1989,289,35
6875,1990,267,35
6875,1991,271,35
6875,1992,296,35
6875,1993,288,35
6875,1994,294,35
6875,1995,276,35
6875,1996,267,35
6875,1997,269,35
6875,1998,271,35
6875,1999,249,35
6875,2000,278,35
6875,2001,271,35
6875,2002,267,35
6875,2003,269,35
6875,2004,271,35
6875,2005,265,35
6875,2006,272,35
6875,2007,256,35
6875,2008,243,35
6875,2009,265,35
6875,2010,259,35
6875,2011,287,35
6875,2012,270,35
6875,2013,284,35
7022,1996,267,18
7022,1997,284,18
7022,1998,285,18
7022,1999,304,18
7022,2000,297,18
7022,2001,291,18
7022,2002,287,18
7022,2004,293,18
7022,2005,283,18
7022,2006,285,18
7022,2007,274,18
7022,2008,282,18
7022,2009,288,18
7022,2010,276,18
7022,2011,291,18
7022,2012,280,18
7022,2014,301,18
7022,2015,285,18
7023,1996,276,20
7023,1997,303,20
7023,1998,283,20
7023,1999,285,20
7023,2000,288,20
7023,2001,277,20
7023,2002,281,20
7023,2003,288,20
7023,2004,294,20
7023,2005,283,20
7023,2006,287,20
7023,2007,275,20
7023,2008,274,20
7023,2009,279,20
7023,2010,282,20
7023,2011,283,20
7023,2012,280,20
7023,2013,276,20
7023,2014,286,20
7023,2015,278,20
7024,1996,274,20
7024,1997,303,20
7024,1998,286,20
7024,1999,282,20
7024,2000,286,20
7024,2001,264,20
7024,2002,282,20
7024,2003,288,20
7024,2004,299,20
7024,2005,290,20
7024,2006,293,20
7024,2007,278,20
7024,2008,283,20
7024,2009,306,20
7024,2010,277,20
7024,2011,292,20
7024,2012,282,20
7024,2013,296,20
7024,2014,282,20
7024,2015,275,20
7058,1979,287,19
7058,1980,290,19
7058,1981,271,19
7058,1982,285,19
7058,1983,288,19
7058,1984,288,19
7058,1985,296,19
7058,1986,274,19
7058,1987,288,19
7058,1988,281,19
7058,1989,294,19
7058,1990,285,19
7058,1991,293,19
7058,1994,295,19
7058,1996,279,19
7058,1997,287,19
7058,1998,283,19
7058,1999,299,19
7058,2000,301,19
7060,1979,276,15
7060,1980,293,15
7060,1981,300,15
7060,1982,279,15
7060,1983,305,15
7060,1984,290,15
7060,1985,303,15
7060,1987,300,15
7060,1988,299,15
7060,1992,294,15
7060,1993,306,15
7060,1994,297,15
7060,1996,282,15
7060,1999,296,15
7060,2000,293,15
7062,1979,269,17
7062,1981,253,17
7062,1984,239,17
7062,1985,273,17
7062,1987,288,17
7062,1989,254,17
7062,1990,221,17
7062,1991,239,17
7062,1992,284,17
7062,1993,256,17
7062,1994,284,17
7062,1995,269,17
7062,1996,261,17
7062,1997,273,17
7062,1998,267,17
7062,1999,281,17
7062,2000,278,17
7063,1979,281,22
7063,1980,289,22
7063,1981,300,22
7063,1982,299,22
7063,1983,298,22
7063,1984,295,22
7063,1985,299,22
7063,1986,293,22
7063,1987,300,22
7063,1988,298,22
7063,1989,289,22
7063,1990,292,22
7063,1991,316,22
7063,1992,303,22
7063,1993,267,22
7063,1994,295,22
7063,1995,303,22
7063,1996,278,22
7063,1997,279,22
7063,1998,277,22
7063,1999,284,22
7063,2000,283,22
7066,1979,282,18
7066,1980,275,18
7066,1981,274,18
7066,1982,294,18
7066,1983,285,18
7066,1985,273,18
7066,1986,283,18
7066,1987,288,18
7066,1988,275,18
7066,1989,280,18
7066,1991,292,18
7066,1993,275,18
7066,1994,286,18
7066,1995,298,18
7066,1997,280,18
7066,1998,284,18
7066,1999,296,18
7066,2000,291,18
7067,1980,287,20
7067,1981,273,20
7067,1982,287,20
7067,1983,296,20
7067,1984,287,20
7067,1985,308,20
7067,1986,294,20
7067,1987,296,20
7067,1988,290,20
7067,1989,290,20
7067,1990,303,20
7067,1991,314,20
7067,1992,306,20
7067,1993,303,20
7067,1994,293,20
7067,1995,304,20
7067,1996,292,20
7067,1997,308,20
7067,1999,305,20
7067,2000,301,20
7070,1980,298,20
7070,1981,279,20
7070,1982,298,20
7070,1983,288,20
7070,1984,301,20
7070,1985,288,20
7070,1986,291,20
7070,1987,291,20
7070,1988,293,20
7070,1989,298,20
7070,1990,281,20
7070,1991,298,20
7070,1992,300,20
7070,1993,286,20
7070,1994,300,20
7070,1995,282,20
7070,1996,272,20
7070,1997,294,20
7070,1998,289,20
7070,2000,292,20
7071,1979,280,22
7071,1980,298,22
7071,1981,303,22
7071,1982,306,22
7071,1983,285,22
7071,1984,287,22
7071,1985,287,22
7071,1986,284,22
7071,1987,290,22
7071,1988,292,22
7071,1989,289,22
7071,1990,283,22
7071,1991,295,22
7071,1992,291,22
7071,1993,272,22
7071,1994,290,22
7071,1995,283,22
7071,1996,278,22
7071,1997,277,22
7071,1998,283,22
7071,1999,289,22
7071,2000,289,22
7074,1979,271,18
7074,1981,280,18
7074,1983,275,18
7074,1984,279,18
7074,1986,261,18
7074,1987,286,18
7074,1989,279,18
7074,1990,263,18
7074,1991,273,18
7074,1992,293,18
7074,1993,256,18
7074,1994,271,18
7074,1995,278,18
7074,1996,272,18
7074,1997,263,18
7074,1998,268,18
7074,1999,271,18
7074,2000,273,18
7075,1979,268,15
7075,1980,288,15
7075,1981,266,15
7075,1982,293,15
7075,1983,298,15
7075,1988,270,15
7075,1989,269,15
7075,1990,263,15
7075,1992,296,15
7075,1994,271,15
7075,1995,282,15
7075,1996,278,15
7075,1997,273,15
7075,1998,272,15
7075,2000,263,15
7097,1985,237,15
7097,1986,247,15
7097,1987,239,15
7097,1988,237,15
7097,1989,264,15
7097,1990,263,15
7097,1991,258,15
7097,1992,261,15
7097,1993,267,15
7097,1994,258,15
7097,1995,233,15
7097,1996,237,15
7097,1997,227,15
7097,1998,237,15
7097,2000,245,15
7099,1980,304,16
7099,1982,296,16
7099,1984,292,16
7099,1985,308,16
7099,1988,284,16
7099,1989,285,16
7099,1990,284,16
7099,1991,294,16
7099,1992,298,16
7099,1993,282,16
7099,1994,282,16
7099,1995,277,16
7099,1996,269,16
7099,1997,299,16
7099,1999,295,16
7099,2000,291,16
7113,1983,269,18
7113,1984,280,18
7113,1985,278,18
7113,1986,265,18
7113,1987,283,18
7113,1988,275,18
7113,1989,286,18
7113,1990,271,18
7113,1991,289,18
7113,1992,280,18
7113,1993,290,18
7113,1994,296,18
7113,1995,278,18
7113,1996,282,18
7113,1997,283,18
7113,1998,291,18
7113,1999,293,18
7113,2000,293,18
7114,1979,278,21
7114,1980,275,21
7114,1981,289,21
7114,1982,293,21
7114,1983,292,21
7114,1984,293,21
7114,1985,291,21
7114,1986,292,21
7114,1987,289,21
7114,1988,278,21
7114,1989,272,21
7114,1990,272,21
7114,1991,298,21
7114,1992,293,21
7114,1993,293,21
7114,1994,293,21
7114,1995,298,21
7114,1996,278,21
7114,1998,278,21
7114,1999,283,21
7114,2000,283,21
7115,1979,285,15
7115,1980,285,15
7115,1981,288,15
7115,1982,289,15
7115,1983,283,15
7115,1984,283,15
7115,1985,291,15
7115,1986,275,15
7115,1987,285,15
7115,1988,282,15
7115,1989,283,15
7115,1990,283,15
7115,1991,295,15
7115,1992,291,15
7115,1993,288,15
7119,1979,264,15
7119,1980,287,15
7119,1981,293,15
7119,1982,297,15
7119,1983,297,15
7119,1984,297,15
7119,1985,303,15
7119,1986,295,15
7119,1987,287,15
7119,1988,299,15
7119,1989,295,15
7119,1990,274,15
7119,1991,301,15
7119,1992,278,15
7119,1993,297,15
7139,1979,260,20
7139,1980,265,20
7139,1981,257,20
7139,1982,249,20
7139,1983,243,20
7139,1984,260,20
7139,1985,245,20
7139,1986,263,20
7139,1987,280,20
7139,1988,269,20
7139,1989,264,20
7139,1990,284,20
7139,1991,305,20
7139,1992,296,20
7139,1993,280,20
7139,1994,290,20
7139,1997,298,20
7139,1998,282,20
7139,1999,295,20
7139,2000,291,20
7188,1979,263,17
7188,1980,281,17
7188,1981,273,17
7188,1982,275,17
7188,1983,232,17
7188,1984,263,17
7188,1985,258,17
7188,1986,253,17
7188,1987,258,17
7188,1988,258,17
7188,1990,253,17
7188,1991,275,17
7188,1992,274,17
7188,1993,263,17
7188,1997,269,17
7188,1998,250,17
7188,1999,207,17
7193,1981,265,15
7193,1982,291,15
7193,1985,268,15
7193,1992,276,15
7193,1994,278,15
7193,1995,283,15
7193,1996,275,15
7193,1997,275,15
7193,1998,288,15
7193,1999,275,15
7193,2000,263,15
7193,2001,283,15
7193,2002,273,15
7193,2003,289,15
7193,2004,274,15
7196,1979,253,17
7196,1981,258,17
7196,1982,258,17
7196,1986,222,17
7196,1988,264,17
7196,1989,261,17
7196,1990,232,17
7196,1991,222,17
7196,1992,263,17
7196,1993,232,17
7196,1995,254,17
7196,1996,263,17
7196,1997,254,17
7196,1998,238,17
7196,1999,226,17
7196,2000,253,17
7196,2003,253,17
7198,1979,265,26
7198,1980,259,26
7198,1981,262,26
7198,1982,255,26
7198,1983,232,26
7198,1984,233,26
7198,1985,267,26
7198,1986,254,26
7198,1987,239,26
7198,1988,227,26
7198,1989,224,26
7198,1990,228,26
7198,1991,230,26
7198,1992,225,26
7198,1993,255,26
7198,1994,209,26
7198,1995,235,26
7198,1996,242,26
7198,1997,238,26
7198,1998,229,26
7198,1999,247,26
7198,2000,243,26
7198,2001,232,26
7198,2002,223,26
7198,2003,249,26
7198,2004,237,26
7201,1979,267,26
7201,1980,268,26
7201,1981,276,26
7201,1982,266,26
7201,1983,272,26
7201,1984,274,26
7201,1985,283,26
7201,1986,263,26
7201,1987,288,26
7201,1988,274,26
7201,1989,253,26
7201,1990,278,26
7201,1991,274,26
7201,1992,283,26
7201,1993,258,26
7201,1994,284,26
7201,1995,269,26
7201,1996,263,26
7201,1997,273,26
7201,1998,251,26
7201,1999,263,26
7201,2000,259,26
7201,2001,278,26
7201,2002,305,26
7201,2003,263,26
7201,2004,263,26
7202,1983,228,22
7202,1984,261,22
7202,1985,256,22
7202,1986,249,22
7202,1987,249,22
7202,1988,253,22
7202,1989,230,22
7202,1990,250,22
7202,1991,257,22
7202,1992,241,22
7202,1993,244,22
7202,1994,238,22
7202,1995,243,22
7202,1996,219,22
7202,1997,249,22
7202,1998,247,22
7202,1999,226,22
7202,2000,245,22
7202,2001,257,22
7202,2002,236,22
7202,2003,266,22
7202,2004,263,22
7204,1981,274,21
7204,1982,244,21
7204,1983,236,21
7204,1984,249,21
7204,1985,259,21
7204,1986,245,21
7204,1988,246,21
7204,1989,238,21
7204,1990,219,21
7204,1992,232,21
7204,1993,248,21
7204,1994,242,21
7204,1996,249,21
7204,1997,201,21
7204,1998,236,21
7204,1999,249,21
7204,2000,249,21
7204,2001,253,21
7204,2002,232,21
7204,2003,263,21
7204,2004,266,21
7205,1979,272,24
7205,1981,221,24
7205,1982,201,24
7205,1984,251,24
7205,1985,269,24
7205,1986,233,24
7205,1987,269,24
7205,1988,234,24
7205,1989,280,24
7205,1990,266,24
7205,1991,263,24
7205,1992,200,24
7205,1993,258,24
7205,1994,243,24
7205,1995,234,24
7205,1996,265,24
7205,1997,275,24
7205,1998,244,24
7205,1999,269,24
7205,2000,261,24
7205,2001,259,24
7205,2002,218,24
7205,2003,268,24
7205,2004,258,24
7208,1979,255,25
7208,1980,250,25
7208,1981,240,25
7208,1982,253,25
7208,1983,226,25
7208,1984,250,25
7208,1985,261,25
7208,1986,236,25
7208,1987,263,25
7208,1988,238,25
7208,1989,247,25
7208,1990,249,25
7208,1991,264,25
7208,1992,236,25
7208,1993,238,25
7208,1994,267,25
7208,1995,278,25
7208,1996,237,25
7208,1997,197,25
7208,1998,240,25
7208,2000,239,25
7208,2001,236,25
7208,2002,220,25
7208,2003,241,25
7208,2004,237,25
7212,1986,253,15
7212,1988,276,15
7212,1990,281,15
7212,1991,275,15
7212,1992,283,15
7212,1993,263,15
7212,1994,283,15
7212,1997,188,15
7212,1998,226,15
7212,1999,259,15
7212,2000,258,15
7212,2001,253,15
7212,2002,265,15
7212,2003,278,15
7212,2004,263,15
7213,1979,225,26
7213,1980,234,26
7213,1981,227,26
7213,1982,232,26
7213,1983,236,26
7213,1984,235,26
7213,1985,244,26
7213,1986,232,26
7213,1987,229,26
7213,1988,225,26
7213,1989,217,26
7213,1990,215,26
7213,1991,249,26
7213,1992,210,26
7213,1993,213,26
7213,1994,217,26
7213,1995,218,26
7213,1996,244,26
7213,1997,230,26
7213,1998,217,26
7213,1999,232,26
7213,2000,222,26
7213,2001,268,26
7213,2002,253,26
7213,2003,219,26
7213,2004,248,26
8016,1979,253,26
8016,1980,268,26
8016,1981,247,26
8016,1982,258,26
8016,1983,218,26
8016,1984,258,26
8016,1985,264,26
8016,1986,253,26
8016,1987,262,26
8016,1988,263,26
8016,1989,251,26
8016,1990,264,26
8016,1991,267,26
8016,1992,273,26
8016,1993,255,26
8016,1994,283,26
8016,1995,267,26
8016,1996,263,26
8016,1997,279,26
8016,1998,258,26
8016,1999,258,26
8016,2000,259,26
8016,2001,259,26
8016,2002,269,26
8016,2003,263,26
8016,2004,274,26
8275,1979,308,19
8275,1982,301,19
8275,1983,301,19
8275,1984,301,19
8275,1985,300,19
8275,1986,295,19
8275,1987,297,19
8275,1988,283,19
8275,1989,283,19
8275,1990,277,19
8275,1991,276,19
8275,1992,273,19
8275,1993,267,19
8275,1994,270,19
8275,1995,262,19
8275,1996,264,19
8275,1997,256,19
8275,1998,266,19
8275,2000,263,19
19291,1979,289,37
19291,1980,298,37
19291,1981,290,37
19291,1982,297,37
19291,1983,295,37
19291,1984,297,37
19291,1985,306,37
19291,1986,300,37
19291,1987,309,37
19291,1988,296,37
19291,1989,297,37
19291,1990,297,37
19291,1991,309,37
19291,1992,306,37
19291,1993,304,37
19291,1994,300,37
19291,1995,288,37
19291,1996,290,37
19291,1997,303,37
19291,1998,295,37
19291,1999,300,37
19291,2000,296,37
19291,2001,303,37
19291,2002,268,37
19291,2003,273,37
19291,2004,285,37
19291,2005,275,37
19291,2006,279,37
19291,2007,283,37
19291,2008,276,37
19291,2009,271,37
19291,2010,275,37
19291,2011,278,37
19291,2012,294,37
19291,2013,291,37
19291,2014,268,37
19291,2015,295,37
19293,1979,278,25
19293,1980,291,25
19293,1981,281,25
19293,1982,297,25
19293,1983,278,25
19293,1984,299,25
19293,1985,299,25
19293,1986,294,25
19293,1987,292,25
19293,1988,293,25
19293,1989,280,25
19293,1990,297,25
19293,2001,278,25
19293,2002,280,25
19293,2003,287,25
19293,2004,290,25
19293,2005,288,25
19293,2007,279,25
19293,2008,284,25
19293,2009,285,25
19293,2010,302,25
19293,2011,279,25
19293,2012,288,25
19293,2013,276,25
19293,2014,292,25
19295,1979,290,36
19295,1980,300,36
19295,1981,295,36
19295,1982,292,36
19295,1983,297,36
19295,1984,292,36
19295,1985,302,36
19295,1986,297,36
19295,1987,298,36
19295,1988,304,36
19295,1989,288,36
19295,1990,296,36
19295,1991,308,36
19295,1992,296,36
19295,1993,307,36
19295,1994,298,36
19295,1995,292,36
19295,1996,282,36
19295,1998,293,36
19295,1999,291,36
19295,2000,284,36
19295,2001,298,36
19295,2002,298,36
19295,2003,286,36
19295,2004,297,36
19295,2005,292,36
19295,2006,303,36
19295,2007,288,36
19295,2008,295,36
19295,2009,301,36
19295,2010,309,36
19295,2011,288,36
19295,2012,306,36
19295,2013,314,36
19295,2014,285,36
19295,2015,300,36
19296,1979,292,36
19296,1980,293,36
19296,1981,290,36
19296,1982,296,36
19296,1983,290,36
19296,1984,293,36
19296,1985,300,36
19296,1986,301,36
19296,1987,295,36
19296,1988,300,36
19296,1989,288,36
19296,1990,300,36
19296,1991,309,36
19296,1992,306,36
19296,1993,302,36
19296,1994,300,36
19296,1995,288,36
19296,1996,292,36
19296,1997,302,36
19296,1998,300,36
19296,1999,301,36
19296,2000,290,36
19296,2001,301,36
19296,2002,291,36
19296,2004,298,36
19296,2005,287,36
19296,2006,294,36
19296,2007,293,36
19296,2008,291,36
19296,2009,285,36
19296,2010,288,36
19296,2011,288,36
19296,2012,303,36
19296,2013,280,36
19296,2014,280,36
19296,2015,291,36
19297,1979,285,33
19297,1980,296,33
19297,1981,290,33
19297,1982,287,33
19297,1983,281,33
19297,1984,295,33
19297,1985,290,33
19297,1986,280,33
19297,1987,293,33
19297,1988,300,33
19297,1989,294,33
19297,1990,296,33
19297,1991,296,33
19297,1992,294,33
19297,1993,297,33
19297,1994,292,33
19297,1995,290,33
19297,1996,284,33
19297,1997,299,33
19297,1998,298,33
19297,1999,299,33
19297,2000,299,33
19297,2001,305,33
19297,2002,292,33
19297,2003,271,33
19297,2004,292,33
19297,2005,295,33
19297,2006,300,33
19297,2007,280,33
19297,2009,279,33
19297,2010,286,33
19297,2011,287,33
19297,2012,279,33
19298,1979,317,26
19298,1980,321,26
19298,1981,300,26
19298,1982,320,26
19298,1983,300,26
19298,1984,308,26
19298,1985,306,26
19298,1986,304,26
19298,1987,305,26
19298,1988,308,26
19298,1989,300,26
19298,1990,308,26
19298,1991,315,26
19298,1993,310,26
19298,1994,303,26
19298,1995,316,26
19298,1996,305,26
19298,2003,324,26
19298,2005,319,26
19298,2006,322,26
19298,2007,319,26
19298,2008,330,26
19298,2009,319,26
19298,2010,332,26
19298,2011,325,26
19298,2012,323,26
19299,1979,308,16
19299,1980,325,16
19299,1981,309,16
19299,1982,324,16
19299,1983,299,16
19299,1984,301,16
19299,1985,309,16
19299,1986,315,16
19299,1987,311,16
19299,1988,310,16
19299,1989,302,16
19299,1990,318,16
19299,1991,319,16
19299,1993,309,16
19299,1994,315,16
19299,1995,304,16
19300,1979,296,36
19300,1980,302,36
19300,1981,292,36
19300,1982,295,36
19300,1983,296,36
19300,1984,299,36
19300,1985,303,36
19300,1986,298,36
19300,1987,305,36
19300,1988,306,36
19300,1989,290,36
19300,1990,301,36
19300,1991,310,36
19300,1992,299,36
19300,1993,308,36
19300,1994,300,36
19300,1995,297,36
19300,1996,290,36
19300,1997,302,36
19300,1998,298,36
19300,1999,300,36
19300,2000,306,36
19300,2001,306,36
19300,2002,292,36
19300,2004,296,36
19300,2005,294,36
19300,2006,301,36
19300,2007,294,36
19300,2008,296,36
19300,2009,297,36
19300,2010,297,36
19300,2011,294,36
19300,2012,298,36
19300,2013,296,36
19300,2014,296,36
19300,2015,299,36
