6450,2000,279,15
6450,2001,273,15
6450,2002,263,15
6450,2003,288,15
6450,2004,273,15
6450,2005,263,15
6450,2006,263,15
6450,2007,265,15
6450,2008,279,15
6450,2009,273,15
6450,2010,273,15
6450,2012,272,15
6450,2013,278,15
6450,2014,268,15
6450,2015,268,15
6477,2000,284,16
6477,2001,285,16
6477,2002,279,16
6477,2003,288,16
6477,2004,291,16
6477,2005,295,16
6477,2006,294,16
6477,2007,289,16
6477,2008,292,16
6477,2009,296,16
6477,2010,288,16
6477,2011,295,16
6477,2012,292,16
6477,2013,288,16
6477,2014,287,16
6477,2015,285,16
6488,2000,274,15
6488,2001,263,15
6488,2002,277,15
6488,2003,278,15
6488,2004,224,15
6488,2005,259,15
6488,2007,274,15
6488,2008,277,15
6488,2009,306,15
6488,2010,273,15
6488,2011,283,15
6488,2012,294,15
6488,2013,283,15
6488,2014,306,15
6488,2015,275,15
6494,2000,288,15
6494,2001,276,15
6494,2002,274,15
6494,2003,279,15
6494,2004,274,15
6494,2005,287,15
6494,2006,272,15
6494,2007,274,15
6494,2008,237,15
6494,2009,263,15
6494,2010,260,15
6494,2011,275,15
6494,2012,282,15
6494,2013,303,15
6494,2014,291,15
6524,2000,245,16
6524,2001,248,16
6524,2002,261,16
6524,2003,272,16
6524,2004,264,16
6524,2005,261,16
6524,2006,258,16
6524,2007,263,16
6524,2008,274,16
6524,2009,253,16
6524,2010,258,16
6524,2011,263,16
6524,2012,276,16
6524,2013,273,16
6524,2014,267,16
6524,2015,283,16
6561,2000,298,15
6561,2002,288,15
6561,2003,294,15
6561,2004,294,15
6561,2005,285,15
6561,2006,295,15
6561,2007,286,15
6561,2008,289,15
6561,2009,291,15
6561,2010,295,15
6561,2011,298,15
6561,2012,293,15
6561,2013,293,15
6561,2014,279,15
6561,2015,301,15
6617,2000,276,15
6617,2001,278,15
6617,2002,270,15
6617,2003,287,15
6617,2004,282,15
6617,2005,283,15
6617,2006,282,15
6617,2007,263,15
6617,2008,274,15
6617,2010,273,15
6617,2011,292,15
6617,2012,285,15
6617,2013,288,15
6617,2014,273,15
6617,2015,284,15
6620,2000,276,16
6620,2001,278,16
6620,2002,293,16
6620,2003,291,16
6620,2004,292,16
6620,2005,291,16
6620,2006,283,16
6620,2007,273,16
6620,2008,273,16
6620,2009,269,16
6620,2010,273,16
6620,2011,269,16
6620,2012,272,16
6620,2013,281,16
6620,2014,281,16
6620,2015,281,16
6638,2001,267,15
6638,2002,257,15
6638,2003,259,15
6638,2004,268,15
6638,2005,275,15
6638,2006,276,15
6638,2007,271,15
6638,2008,266,15
6638,2009,280,15
6638,2010,271,15
6638,2011,276,15
6638,2012,269,15
6638,2013,275,15
6638,2014,271,15
6638,2015,278,15
6639,2000,284,16
6639,2001,263,16
6639,2002,281,16
6639,2003,271,16
6639,2004,293,16
6639,2005,275,16
6639,2006,288,16
6639,2007,283,16
6639,2008,286,16
6639,2009,278,16
6639,2010,288,16
6639,2011,287,16
6639,2012,280,16
6639,2013,276,16
6639,2014,274,16
6639,2015,284,16
6646,2000,268,16
6646,2001,259,16
6646,2002,271,16
6646,2003,268,16
6646,2004,276,16
6646,2005,271,16
6646,2006,276,16
6646,2007,264,16
6646,2008,261,16
6646,2009,272,16
6646,2010,273,16
6646,2011,282,16
6646,2012,273,16
6646,2013,282,16
6646,2014,284,16
6646,2015,281,16
6662,2000,268,16
6662,2001,263,16
6662,2002,267,16
6662,2003,263,16
6662,2004,266,16
6662,2005,266,16
6662,2006,281,16
6662,2007,265,16
6662,2008,278,16
6662,2009,263,16
6662,2010,263,16
6662,2011,291,16
6662,2012,262,16
6662,2013,270,16
6662,2014,255,16
6662,2015,286,16
6705,2000,268,15
6705,2001,244,15
6705,2002,249,15
6705,2003,263,15
6705,2004,254,15
6705,2005,247,15
6705,2007,256,15
6705,2008,259,15
6705,2009,258,15
6705,2010,273,15
6705,2011,259,15
6705,2012,269,15
6705,2013,274,15
6705,2014,263,15
6705,2015,289,15
6714,1996,267,18
6714,1997,269,18
6714,1998,285,18
6714,1999,263,18
6714,2000,273,18
6714,2001,276,18
6714,2002,271,18
6714,2004,264,18
6714,2005,289,18
6714,2006,290,18
6714,2007,274,18
6714,2008,276,18
6714,2009,277,18
6714,2010,277,18
6714,2011,283,18
6714,2012,279,18
6714,2014,252,18
6714,2015,264,18
6715,1999,246,17
6715,2000,279,17
6715,2001,278,17
6715,2002,268,17
6715,2003,263,17
6715,2004,270,17
6715,2005,243,17
6715,2006,253,17
6715,2007,270,17
6715,2008,274,17
6715,2009,273,17
6715,2010,263,17
6715,2011,283,17
6715,2012,269,17
6715,2013,277,17
6715,2014,258,17
6715,2015,263,17
6716,1996,275,20
6716,1997,280,20
6716,1998,274,20
6716,1999,282,20
6716,2000,289,20
6716,2001,274,20
6716,2002,278,20
6716,2003,279,20
6716,2004,285,20
6716,2005,273,20
6716,2006,289,20
6716,2007,278,20
6716,2008,271,20
6716,2009,303,20
6716,2010,281,20
6716,2011,279,20
6716,2012,279,20
6716,2013,282,20
6716,2014,268,20
6716,2015,279,20
6717,1996,276,20
6717,1997,286,20
6717,1998,278,20
6717,1999,242,20
6717,2000,277,20
6717,2001,288,20
6717,2002,276,20
6717,2003,275,20
6717,2004,284,20
6717,2005,282,20
6717,2006,288,20
6717,2007,278,20
6717,2008,294,20
6717,2009,297,20
6717,2010,298,20
6717,2011,293,20
6717,2012,290,20
6717,2013,295,20
6717,2014,298,20
6717,2015,291,20
6720,1996,263,20
6720,1997,295,20
6720,1998,273,20
6720,1999,283,20
6720,2000,279,20
6720,2001,270,20
6720,2002,275,20
6720,2003,274,20
6720,2004,294,20
6720,2005,291,20
6720,2006,283,20
6720,2007,268,20
6720,2008,275,20
6720,2009,283,20
6720,2010,281,20
6720,2011,292,20
6720,2012,282,20
6720,2013,290,20
6720,2014,302,20
6720,2015,280,20
6727,1996,278,20
6727,1997,281,20
6727,1998,285,20
6727,1999,283,20
6727,2000,282,20
6727,2001,283,20
6727,2002,281,20
6727,2003,288,20
6727,2004,299,20
6727,2005,288,20
6727,2006,293,20
6727,2007,285,20
6727,2008,282,20
6727,2009,295,20
6727,2010,291,20
6727,2011,298,20
6727,2012,284,20
6727,2013,295,20
6727,2014,293,20
6727,2015,295,20
6728,2000,246,16
6728,2001,264,16
6728,2002,258,16
6728,2003,273,16
6728,2004,258,16
6728,2005,290,16
6728,2006,296,16
6728,2007,279,16
6728,2008,284,16
6728,2009,295,16
6728,2010,277,16
6728,2011,289,16
6728,2012,285,16
6728,2013,277,16
6728,2014,268,16
6728,2015,283,16
6730,1996,270,18
6730,1998,268,18
6730,1999,253,18
6730,2000,264,18
6730,2001,263,18
6730,2002,263,18
6730,2004,289,18
6730,2005,278,18
6730,2006,263,18
6730,2007,258,18
6730,2008,264,18
6730,2009,273,18
6730,2010,253,18
6730,2011,283,18
6730,2012,259,18
6730,2013,258,18
6730,2014,268,18
6730,2015,268,18
6734,1996,271,20
6734,1997,263,20
6734,1998,275,20
6734,1999,255,20
6734,2000,288,20
6734,2001,275,20
6734,2002,258,20
6734,2003,264,20
6734,2004,275,20
6734,2005,271,20
6734,2006,268,20
6734,2007,258,20
6734,2008,270,20
6734,2009,271,20
6734,2010,260,20
6734,2011,289,20
6734,2012,261,20
6734,2013,280,20
6734,2014,253,20
6734,2015,268,20
6735,1996,279,19
6735,1997,274,19
6735,1998,282,19
6735,1999,259,19
6735,2000,284,19
6735,2001,268,19
6735,2002,281,19
6735,2003,258,19
6735,2004,289,19
6735,2006,244,19
6735,2007,274,19
6735,2008,280,19
6735,2009,268,19
6735,2010,284,19
6735,2011,280,19
6735,2012,301,19
6735,2013,275,19
6735,2014,275,19
6735,2015,275,19
6737,1996,267,20
6737,1997,263,20
6737,1998,263,20
6737,1999,259,20
6737,2000,255,20
6737,2001,253,20
6737,2002,278,20
6737,2003,268,20
6737,2004,282,20
6737,2005,258,20
6737,2006,258,20
6737,2007,255,20
6737,2008,264,20
6737,2009,266,20
6737,2010,268,20
6737,2011,274,20
6737,2012,272,20
6737,2013,275,20
6737,2014,255,20
6737,2015,268,20
6738,1996,269,18
6738,1997,278,18
6738,1998,274,18
6738,1999,258,18
6738,2000,269,18
6738,2001,263,18
6738,2002,268,18
6738,2004,289,18
6738,2005,293,18
6738,2006,283,18
6738,2007,274,18
6738,2008,294,18
6738,2009,281,18
6738,2011,274,18
6738,2012,275,18
6738,2013,283,18
6738,2014,283,18
6738,2015,263,18
6739,1996,271,20
6739,1997,268,20
6739,1998,286,20
6739,1999,292,20
6739,2000,282,20
6739,2001,283,20
6739,2002,264,20
6739,2003,287,20
6739,2004,264,20
6739,2005,282,20
6739,2006,291,20
6739,2007,274,20
6739,2008,285,20
6739,2009,279,20
6739,2010,283,20
6739,2011,277,20
6739,2012,275,20
6739,2013,286,20
6739,2014,289,20
6739,2015,289,20
6741,1996,259,17
6741,1997,277,17
6741,1998,273,17
6741,1999,240,17
6741,2000,258,17
6741,2001,263,17
6741,2002,257,17
6741,2003,259,17
6741,2004,268,17
6741,2005,252,17
6741,2006,259,17
6741,2007,260,17
6741,2008,264,17
6741,2009,266,17
6741,2010,263,17
6741,2011,277,17
6741,2013,271,17
6742,1996,264,20
6742,1997,281,20
6742,1998,259,20
6742,1999,258,20
6742,2000,262,20
6742,2001,267,20
6742,2002,263,20
6742,2003,255,20
6742,2004,269,20
6742,2005,288,20
6742,2006,292,20
6742,2007,257,20
6742,2008,259,20
6742,2009,264,20
6742,2010,262,20
6742,2011,261,20
6742,2012,263,20
6742,2013,271,20
6742,2014,249,20
6742,2015,263,20
6744,1996,269,20
6744,1997,251,20
6744,1998,263,20
6744,1999,266,20
6744,2000,265,20
6744,2001,268,20
6744,2002,258,20
6744,2003,230,20
6744,2004,264,20
6744,2005,267,20
6744,2006,268,20
6744,2007,253,20
6744,2008,259,20
6744,2009,259,20
6744,2010,249,20
6744,2011,244,20
6744,2012,254,20
6744,2013,261,20
6744,2014,247,20
6744,2015,252,20
6745,1996,268,20
6745,1997,271,20
6745,1998,267,20
6745,1999,263,20
6745,2000,274,20
6745,2001,265,20
6745,2002,238,20
6745,2003,266,20
6745,2004,265,20
6745,2005,269,20
6745,2006,278,20
6745,2007,246,20
6745,2008,252,20
6745,2009,266,20
6745,2010,258,20
6745,2011,260,20
6745,2012,260,20
6745,2013,269,20
6745,2014,250,20
6745,2015,250,20
6746,2001,271,15
6746,2002,255,15
6746,2003,287,15
6746,2004,279,15
6746,2005,292,15
6746,2006,277,15
6746,2007,283,15
6746,2008,282,15
6746,2009,283,15
6746,2010,285,15
6746,2011,301,15
6746,2012,276,15
6746,2013,292,15
6746,2014,284,15
6746,2015,277,15
6750,1996,264,16
6750,1997,261,16
6750,1998,258,16
6750,1999,253,16
6750,2002,262,16
6750,2003,273,16
6750,2004,258,16
6750,2006,290,16
6750,2008,276,16
6750,2009,296,16
6750,2010,283,16
6750,2011,299,16
6750,2012,287,16
6750,2013,297,16
6750,2014,273,16
6750,2015,275,16
6755,1996,301,20
6755,1997,274,20
6755,1998,281,20
6755,1999,274,20
6755,2000,284,20
6755,2001,269,20
6755,2002,263,20
6755,2003,291,20
6755,2004,271,20
6755,2005,285,20
6755,2006,283,20
6755,2007,275,20
6755,2008,270,20
6755,2009,274,20
6755,2010,266,20
6755,2011,271,20
6755,2012,292,20
6755,2013,259,20
6755,2014,276,20
6755,2015,278,20
6756,1996,262,19
6756,1997,274,19
6756,1998,271,19
6756,1999,275,19
6756,2001,272,19
6756,2002,271,19
6756,2003,273,19
6756,2004,272,19
6756,2005,271,19
6756,2006,277,19
6756,2007,265,19
6756,2008,268,19
6756,2009,274,19
6756,2010,268,19
6756,2011,278,19
6756,2012,272,19
6756,2013,284,19
6756,2014,256,19
6756,2015,269,19
6762,1996,268,19
6762,1997,257,19
6762,1998,257,19
6762,1999,257,19
6762,2000,260,19
6762,2001,264,19
6762,2002,264,19
6762,2003,259,19
6762,2004,265,19
6762,2005,263,19
6762,2006,267,19
6762,2007,271,19
6762,2008,270,19
6762,2009,272,19
6762,2010,273,19
6762,2011,278,19
6762,2012,276,19
6762,2013,284,19
6762,2015,287,19
6764,1996,272,19
6764,1997,301,19
6764,1998,296,19
6764,1999,273,19
6764,2000,298,19
6764,2002,274,19
6764,2003,284,19
6764,2004,287,19
6764,2005,285,19
6764,2006,294,19
6764,2007,281,19
6764,2008,277,19
6764,2009,283,19
6764,2010,293,19
6764,2011,291,19
6764,2012,283,19
6764,2013,290,19
6764,2014,283,19
6764,2015,275,19
6766,1996,275,17
6766,1997,281,17
6766,1998,271,17
6766,1999,278,17
6766,2000,280,17
6766,2001,288,17
6766,2002,283,17
6766,2003,289,17
6766,2004,307,17
6766,2005,279,17
6766,2006,288,17
6766,2007,285,17
6766,2008,282,17
6766,2009,294,17
6766,2010,293,17
6766,2011,281,17
6766,2013,253,17
6767,1996,238,20
6767,1997,262,20
6767,1998,262,20
6767,1999,267,20
6767,2000,271,20
6767,2001,262,20
6767,2002,267,20
6767,2003,269,20
6767,2004,270,20
6767,2005,260,20
6767,2006,271,20
6767,2007,255,20
6767,2008,269,20
6767,2009,275,20
6767,2010,246,20
6767,2011,280,20
6767,2012,269,20
6767,2013,266,20
6767,2014,250,20
6767,2015,271,20
6768,1997,278,17
6768,1998,278,17
6768,1999,281,17
6768,2000,275,17
6768,2002,283,17
6768,2003,286,17
6768,2005,275,17
6768,2006,276,17
6768,2007,253,17
6768,2008,279,17
6768,2009,327,17
6768,2010,283,17
6768,2011,285,17
6768,2012,282,17
6768,2013,278,17
6768,2014,283,17
6768,2015,283,17
6769,1998,285,17
6769,1999,280,17
6769,2000,288,17
6769,2001,275,17
6769,2002,273,17
6769,2003,288,17
6769,2004,280,17
6769,2005,274,17
6769,2006,277,17
6769,2007,272,17
6769,2008,276,17
6769,2009,278,17
6769,2010,275,17
6769,2011,279,17
6769,2012,278,17
6769,2013,278,17
6769,2014,275,17
6770,1999,302,17
6770,2000,286,17
6770,2001,287,17
6770,2002,283,17
6770,2003,305,17
6770,2004,297,17
6770,2005,283,17
6770,2006,293,17
6770,2007,268,17
6770,2008,281,17
6770,2009,291,17
6770,2010,287,17
6770,2011,296,17
6770,2012,288,17
6770,2013,291,17
6770,2014,277,17
6770,2015,282,17
6772,1997,276,18
6772,1998,272,18
6772,1999,257,18
6772,2000,267,18
6772,2001,273,18
6772,2002,276,18
6772,2003,278,18
6772,2004,282,18
6772,2005,285,18
6772,2006,287,18
6772,2007,267,18
6772,2008,274,18
6772,2010,277,18
6772,2011,283,18
6772,2012,266,18
6772,2013,276,18
6772,2014,287,18
6772,2015,273,18
6775,1999,273,17
6775,2000,273,17
6775,2001,281,17
6775,2002,278,17
6775,2003,274,17
6775,2004,289,17
6775,2005,291,17
6775,2006,303,17
6775,2007,295,17
6775,2008,289,17
6775,2009,273,17
6775,2010,286,17
6775,2011,281,17
6775,2012,273,17
6775,2013,283,17
6775,2014,280,17
6775,2015,282,17
6776,1996,272,20
6776,1997,271,20
6776,1998,267,20
6776,1999,271,20
6776,2000,289,20
6776,2001,293,20
6776,2002,283,20
6776,2003,282,20
6776,2004,289,20
6776,2005,275,20
6776,2006,285,20
6776,2007,270,20
6776,2008,277,20
6776,2009,277,20
6776,2010,285,20
6776,2011,276,20
6776,2012,278,20
6776,2013,279,20
6776,2014,281,20
6776,2015,282,20
6777,2000,284,16
6777,2001,288,16
6777,2002,288,16
6777,2003,283,16
6777,2004,275,16
6777,2005,270,16
6777,2006,293,16
6777,2007,275,16
6777,2008,297,16
6777,2009,275,16
6777,2010,285,16
6777,2011,280,16
6777,2012,284,16
6777,2013,275,16
6777,2014,271,16
6777,2015,275,16
6778,1996,260,20
6778,1997,288,20
6778,1998,283,20
6778,1999,258,20
6778,2000,241,20
6778,2001,244,20
6778,2002,256,20
6778,2003,277,20
6778,2004,284,20
6778,2005,269,20
6778,2006,252,20
6778,2007,285,20
6778,2008,269,20
6778,2009,265,20
6778,2010,261,20
6778,2011,280,20
6778,2012,269,20
6778,2013,280,20
6778,2014,268,20
6778,2015,269,20
6779,1996,268,20
6779,1997,267,20
6779,1998,265,20
6779,1999,271,20
6779,2000,274,20
6779,2001,275,20
6779,2002,279,20
6779,2003,249,20
6779,2004,278,20
6779,2005,279,20
6779,2006,283,20
6779,2007,270,20
6779,2008,276,20
6779,2009,277,20
6779,2010,274,20
6779,2011,276,20
6779,2012,278,20
6779,2013,279,20
6779,2014,276,20
6779,2015,280,20
6780,1996,253,19
6780,1997,227,19
6780,1998,263,19
6780,1999,227,19
6780,2000,251,19
6780,2001,214,19
6780,2002,227,19
6780,2003,258,19
6780,2004,251,19
6780,2005,232,19
6780,2006,245,19
6780,2007,256,19
6780,2008,274,19
6780,2009,258,19
6780,2010,263,19
6780,2011,253,19
6780,2013,273,19
6780,2014,259,19
6780,2015,277,19
6783,1996,278,17
6783,1997,266,17
6783,1998,264,17
6783,1999,262,17
6783,2000,258,17
6783,2001,268,17
6783,2002,250,17
6783,2003,258,17
6783,2004,264,17
6783,2005,281,17
6783,2006,257,17
6783,2007,240,17
6783,2008,255,17
6783,2009,265,17
6783,2010,296,17
6783,2011,285,17
6783,2014,259,17
6785,1996,269,20
6785,1997,278,20
6785,1998,273,20
6785,1999,258,20
6785,2000,267,20
6785,2001,253,20
6785,2002,278,20
6785,2003,293,20
6785,2004,282,20
6785,2005,264,20
6785,2006,266,20
6785,2007,261,20
6785,2008,264,20
6785,2009,264,20
6785,2010,262,20
6785,2011,273,20
6785,2012,257,20
6785,2013,268,20
6785,2014,261,20
6785,2015,272,20
6787,1996,283,20
6787,1997,279,20
6787,1998,283,20
6787,1999,285,20
6787,2000,283,20
6787,2001,280,20
6787,2002,285,20
6787,2003,299,20
6787,2004,298,20
6787,2005,285,20
6787,2006,288,20
6787,2007,283,20
6787,2008,282,20
6787,2009,293,20
6787,2010,294,20
6787,2011,296,20
6787,2012,299,20
6787,2013,296,20
6787,2014,298,20
6787,2015,290,20
6788,1996,283,16
6788,1997,274,16
6788,1998,283,16
6788,1999,284,16
6788,2000,277,16
6788,2001,271,16
6788,2002,252,16
6788,2004,282,16
6788,2005,252,16
6788,2008,245,16
6788,2009,225,16
6788,2010,218,16
6788,2011,263,16
6788,2012,242,16
6788,2013,246,16
6788,2015,257,16
6789,1996,274,19
6789,1998,278,19
6789,1999,282,19
6789,2000,281,19
6789,2001,272,19
6789,2002,280,19
6789,2003,287,19
6789,2004,289,19
6789,2005,285,19
6789,2006,287,19
6789,2007,278,19
6789,2008,281,19
6789,2009,276,19
6789,2010,274,19
6789,2011,278,19
6789,2012,282,19
6789,2013,278,19
6789,2014,281,19
6789,2015,278,19
6792,1996,243,19
6792,1997,258,19
6792,1998,263,19
6792,1999,242,19
6792,2000,259,19
6792,2001,275,19
6792,2002,272,19
6792,2003,248,19
6792,2004,254,19
6792,2005,258,19
6792,2006,266,19
6792,2007,267,19
6792,2009,273,19
6792,2010,265,19
6792,2011,273,19
6792,2012,279,19
6792,2013,266,19
6792,2014,258,19
6792,2015,255,19
6793,1996,264,20
6793,1997,260,20
6793,1998,271,20
6793,1999,276,20
6793,2000,254,20
6793,2001,268,20
6793,2002,258,20
6793,2003,258,20
6793,2004,289,20
6793,2005,281,20
6793,2006,279,20
6793,2007,258,20
6793,2008,281,20
6793,2009,283,20
6793,2010,283,20
6793,2011,271,20
6793,2012,272,20
6793,2013,272,20
6793,2014,263,20
6793,2015,265,20
6794,1996,278,18
6794,1997,271,18
6794,1998,287,18
6794,2000,277,18
6794,2001,246,18
6794,2002,253,18
6794,2003,258,18
6794,2004,282,18
6794,2005,291,18
6794,2006,260,18
6794,2007,248,18
6794,2008,270,18
6794,2009,271,18
6794,2010,267,18
6794,2011,287,18
6794,2012,274,18
6794,2014,253,18
6794,2015,281,18
6795,1997,283,18
6795,1998,278,18
6795,1999,278,18
6795,2000,269,18
6795,2001,258,18
6795,2002,274,18
6795,2003,268,18
6795,2004,264,18
6795,2005,278,18
6795,2006,265,18
6795,2007,253,18
6795,2008,279,18
6795,2009,268,18
6795,2011,253,18
6795,2012,269,18
6795,2013,275,18
6795,2014,283,18
6795,2015,288,18
6797,1997,269,18
6797,1998,269,18
6797,1999,253,18
6797,2000,254,18
6797,2001,258,18
6797,2002,258,18
6797,2003,268,18
6797,2004,269,18
6797,2005,268,18
6797,2006,271,18
6797,2007,242,18
6797,2008,259,18
6797,2009,251,18
6797,2010,269,18
6797,2011,263,18
6797,2012,284,18
6797,2014,289,18
6797,2015,280,18
6799,1996,247,17
6799,1997,269,17
6799,1998,275,17
6799,1999,277,17
6799,2000,270,17
6799,2001,271,17
6799,2002,263,17
6799,2003,267,17
6799,2004,288,17
6799,2005,292,17
6799,2006,283,17
6799,2007,271,17
6799,2008,280,17
6799,2010,275,17
6799,2011,289,17
6799,2014,296,17
6799,2015,272,17
6803,1996,272,20
6803,1997,285,20
6803,1998,272,20
6803,1999,284,20
6803,2000,284,20
6803,2001,271,20
6803,2002,275,20
6803,2003,274,20
6803,2004,280,20
6803,2005,280,20
6803,2006,278,20
6803,2007,271,20
6803,2008,272,20
6803,2009,284,20
6803,2010,275,20
6803,2011,277,20
6803,2012,276,20
6803,2013,280,20
6803,2014,277,20
6803,2015,277,20
6805,1996,269,20
6805,1997,272,20
6805,1998,268,20
6805,1999,258,20
6805,2000,284,20
6805,2001,288,20
6805,2002,253,20
6805,2003,261,20
6805,2004,284,20
6805,2005,283,20
6805,2006,288,20
6805,2007,258,20
6805,2008,263,20
6805,2009,288,20
6805,2010,274,20
6805,2011,280,20
6805,2012,264,20
6805,2013,285,20
6805,2014,267,20
6805,2015,266,20
6808,1996,272,15
6808,1997,266,15
6808,1998,279,15
6808,1999,274,15
6808,2000,274,15
6808,2001,255,15
6808,2002,272,15
6808,2003,278,15
6808,2005,112,15
6808,2007,278,15
6808,2009,288,15
6808,2010,281,15
6808,2011,283,15
6808,2012,299,15
6808,2015,281,15
6810,1996,253,20
6810,1997,255,20
6810,1998,245,20
6810,1999,244,20
6810,2000,249,20
6810,2001,246,20
6810,2002,241,20
6810,2003,227,20
6810,2004,236,20
6810,2005,233,20
6810,2006,237,20
6810,2007,220,20
6810,2008,225,20
6810,2009,225,20
6810,2010,228,20
6810,2011,231,20
6810,2012,224,20
6810,2013,241,20
6810,2014,232,20
6810,2015,246,20
6811,1996,254,17
6811,1997,283,17
6811,1998,265,17
6811,1999,268,17
6811,2000,256,17
6811,2001,259,17
6811,2002,245,17
6811,2003,253,17
6811,2004,248,17
6811,2005,277,17
6811,2006,278,17
6811,2007,251,17
6811,2008,276,17
6811,2009,265,17
6811,2010,268,17
6811,2013,293,17
6811,2014,278,17
6813,1996,264,19
6813,1997,257,19
6813,1998,252,19
6813,1999,246,19
6813,2001,258,19
6813,2002,242,19
6813,2003,249,19
6813,2004,284,19
6813,2005,277,19
6813,2006,275,19
6813,2007,277,19
6813,2008,274,19
6813,2009,279,19
6813,2010,281,19
6813,2011,280,19
6813,2012,276,19
6813,2013,278,19
6813,2014,281,19
6813,2015,272,19
6814,1996,280,18
6814,1997,305,18
6814,1998,275,18
6814,2000,284,18
6814,2001,274,18
6814,2002,283,18
6814,2004,286,18
6814,2005,251,18
6814,2006,290,18
6814,2007,288,18
6814,2008,280,18
6814,2009,266,18
6814,2010,275,18
6814,2011,259,18
6814,2012,280,18
6814,2013,279,18
6814,2014,275,18
6814,2015,274,18
6815,1996,259,20
6815,1997,264,20
6815,1998,269,20
6815,1999,277,20
6815,2000,276,20
6815,2001,274,20
6815,2002,265,20
6815,2003,261,20
6815,2004,296,20
6815,2005,269,20
6815,2006,254,20
6815,2007,248,20
6815,2008,252,20
6815,2009,263,20
6815,2010,276,20
6815,2011,283,20
6815,2012,277,20
6815,2013,286,20
6815,2014,267,20
6815,2015,264,20
6816,1996,269,16
6816,1997,258,16
6816,1998,284,16
6816,1999,278,16
6816,2000,289,16
6816,2001,276,16
6816,2003,279,16
6816,2004,284,16
6816,2005,279,16
6816,2007,263,16
6816,2009,278,16
6816,2010,285,16
6816,2011,293,16
6816,2013,288,16
6816,2014,278,16
6816,2015,271,16
6817,1996,259,20
6817,1997,244,20
6817,1998,263,20
6817,1999,254,20
6817,2000,263,20
6817,2001,264,20
6817,2002,247,20
6817,2003,250,20
6817,2004,275,20
6817,2005,222,20
6817,2006,263,20
6817,2007,238,20
6817,2008,271,20
6817,2009,274,20
6817,2010,276,20
6817,2011,277,20
6817,2012,267,20
6817,2013,274,20
6817,2014,273,20
6817,2015,270,20
6818,1996,266,15
6818,1997,271,15
6818,1998,255,15
6818,1999,235,15
6818,2000,247,15
6818,2001,240,15
6818,2002,232,15
6818,2003,240,15
6818,2004,241,15
6818,2008,277,15
6818,2010,278,15
6818,2011,289,15
6818,2012,281,15
6818,2013,287,15
6818,2014,278,15
6819,1996,291,18
6819,1997,303,18
6819,1998,288,18
6819,1999,286,18
6819,2000,290,18
6819,2001,303,18
6819,2002,278,18
6819,2003,301,18
6819,2004,302,18
6819,2005,281,18
6819,2006,293,18
6819,2008,281,18
6819,2009,306,18
6819,2010,293,18
6819,2011,303,18
6819,2012,294,18
6819,2013,298,18
6819,2014,313,18
6821,1996,271,20
6821,1997,315,20
6821,1998,292,20
6821,1999,298,20
6821,2000,291,20
6821,2001,274,20
6821,2002,283,20
6821,2003,301,20
6821,2004,292,20
6821,2005,283,20
6821,2006,291,20
6821,2007,274,20
6821,2008,277,20
6821,2009,300,20
6821,2010,279,20
6821,2011,300,20
6821,2012,278,20
6821,2013,289,20
6821,2014,282,20
6821,2015,280,20
6823,1996,286,17
6823,1997,293,17
6823,1998,283,17
6823,1999,263,17
6823,2000,295,17
6823,2001,278,17
6823,2002,273,17
6823,2003,301,17
6823,2004,294,17
6823,2005,293,17
6823,2009,239,17
6823,2010,269,17
6823,2011,282,17
6823,2012,280,17
6823,2013,281,17
6823,2014,253,17
6823,2015,276,17
6824,1996,264,20
6824,1997,260,20
6824,1998,263,20
6824,1999,264,20
6824,2000,265,20
6824,2001,259,20
6824,2002,260,20
6824,2003,253,20
6824,2004,264,20
6824,2005,265,20
6824,2006,277,20
6824,2007,259,20
6824,2008,256,20
6824,2009,258,20
6824,2010,265,20
6824,2011,271,20
6824,2012,282,20
6824,2013,287,20
6824,2014,271,20
6824,2015,273,20
6830,1996,266,20
6830,1997,274,20
6830,1998,275,20
6830,1999,275,20
6830,2000,282,20
6830,2001,271,20
6830,2002,278,20
6830,2003,281,20
6830,2004,279,20
6830,2005,271,20
6830,2006,277,20
6830,2007,271,20
6830,2008,280,20
6830,2009,279,20
6830,2010,263,20
6830,2011,274,20
6830,2012,282,20
6830,2013,298,20
6830,2014,298,20
6830,2015,287,20
6831,1996,263,20
6831,1997,263,20
6831,1998,264,20
6831,1999,271,20
6831,2000,267,20
6831,2001,265,20
6831,2002,258,20
6831,2003,263,20
6831,2004,270,20
6831,2005,263,20
6831,2006,261,20
6831,2007,261,20
6831,2008,270,20
6831,2009,273,20
6831,2010,259,20
6831,2011,269,20
6831,2012,261,20
6831,2013,265,20
6831,2014,261,20
6831,2015,268,20
6834,1996,268,18
6834,1997,260,18
6834,1998,261,18
6834,1999,261,18
6834,2000,266,18
6834,2002,262,18
6834,2003,268,18
6834,2004,266,18
6834,2005,262,18
6834,2007,253,18
6834,2008,277,18
6834,2009,274,18
6834,2010,273,18
6834,2011,294,18
6834,2012,292,18
6834,2013,288,18
6834,2014,288,18
6834,2015,280,18
6841,1998,288,17
6841,1999,274,17
6841,2000,294,17
6841,2001,283,17
6841,2002,263,17
6841,2003,279,17
6841,2004,294,17
6841,2005,263,17
6841,2006,293,17
6841,2007,283,17
6841,2009,287,17
6841,2010,313,17
6841,2011,298,17
6841,2012,289,17
6841,2013,288,17
6841,2014,293,17
6841,2015,283,17
6842,1996,267,20
6842,1997,277,20
6842,1998,277,20
6842,1999,288,20
6842,2000,278,20
6842,2001,285,20
6842,2002,263,20
6842,2003,265,20
6842,2004,277,20
6842,2005,269,20
6842,2006,269,20
6842,2007,257,20
6842,2008,279,20
6842,2009,288,20
6842,2010,273,20
6842,2011,281,20
6842,2012,276,20
6842,2013,288,20
6842,2014,274,20
6842,2015,274,20
6844,1997,281,19
6844,1998,274,19
6844,1999,285,19
6844,2000,294,19
6844,2001,273,19
6844,2002,267,19
6844,2003,258,19
6844,2004,264,19
6844,2005,280,19
6844,2006,283,19
6844,2007,268,19
6844,2008,280,19
6844,2009,277,19
6844,2010,278,19
6844,2011,284,19
6844,2012,276,19
6844,2013,293,19
6844,2014,278,19
6844,2015,265,19
6846,1996,269,20
6846,1997,264,20
6846,1998,281,20
6846,1999,276,20
6846,2000,286,20
6846,2001,271,20
6846,2002,288,20
6846,2003,296,20
6846,2004,296,20
6846,2005,293,20
6846,2006,293,20
6846,2007,286,20
6846,2008,267,20
6846,2009,276,20
6846,2010,311,20
6846,2011,289,20
6846,2012,284,20
6846,2013,290,20
6846,2014,291,20
6846,2015,295,20
6847,1996,245,19
6847,1997,265,19
6847,1998,273,19
6847,1999,277,19
6847,2000,277,19
6847,2001,273,19
6847,2003,274,19
6847,2004,301,19
6847,2005,281,19
6847,2006,285,19
6847,2007,274,19
6847,2008,278,19
6847,2009,288,19
6847,2010,279,19
6847,2011,291,19
6847,2012,282,19
6847,2013,281,19
6847,2014,280,19
6847,2015,278,19
6848,1996,264,20
6848,1997,279,20
6848,1998,273,20
6848,1999,288,20
6848,2000,273,20
6848,2001,275,20
6848,2002,268,20
6848,2003,273,20
6848,2004,280,20
6848,2005,277,20
6848,2006,278,20
6848,2007,260,20
6848,2008,281,20
6848,2009,287,20
6848,2010,266,20
6848,2011,276,20
6848,2012,273,20
6848,2013,290,20
6848,2014,268,20
6848,2015,270,20
6849,1996,267,20
6849,1997,278,20
6849,1998,269,20
6849,1999,273,20
6849,2000,271,20
6849,2001,273,20
6849,2002,260,20
6849,2003,276,20
6849,2004,275,20
6849,2005,275,20
6849,2006,270,20
6849,2007,265,20
6849,2008,274,20
6849,2009,274,20
6849,2010,281,20
6849,2011,277,20
6849,2012,284,20
6849,2013,284,20
6849,2014,275,20
6849,2015,289,20
6850,1996,262,20
6850,1997,271,20
6850,1998,260,20
6850,1999,265,20
6850,2000,258,20
6850,2001,265,20
6850,2002,262,20
6850,2003,267,20
6850,2004,273,20
6850,2005,268,20
6850,2006,277,20
6850,2007,260,20
6850,2008,263,20
6850,2009,274,20
6850,2010,274,20
6850,2011,267,20
6850,2012,267,20
6850,2013,283,20
6850,2014,272,20
6850,2015,274,20
6851,1996,274,16
6851,1997,279,16
6851,1998,278,16
6851,1999,263,16
6851,2000,254,16
6851,2001,268,16
6851,2002,273,16
6851,2003,274,16
6851,2004,275,16
6851,2005,269,16
6851,2006,274,16
6851,2008,292,16
6851,2009,282,16
6851,2011,274,16
6851,2012,284,16
6851,2013,274,16
6852,1996,277,19
6852,1998,289,19
6852,1999,281,19
6852,2000,289,19
6852,2001,276,19
6852,2002,283,19
6852,2003,294,19
6852,2004,289,19
6852,2005,283,19
6852,2006,301,19
6852,2007,270,19
6852,2008,281,19
6852,2009,292,19
6852,2010,301,19
6852,2011,294,19
6852,2012,288,19
6852,2013,289,19
6852,2014,289,19
6852,2015,287,19
6855,1996,271,19
6855,1997,279,19
6855,1998,270,19
6855,1999,287,19
6855,2000,285,19
6855,2001,302,19
6855,2002,262,19
6855,2003,285,19
6855,2004,291,19
6855,2005,287,19
6855,2006,293,19
6855,2007,272,19
6855,2008,276,19
6855,2009,288,19
6855,2010,279,19
6855,2011,293,19
6855,2012,293,19
6855,2013,283,19
6855,2015,274,19
6856,1996,304,18
6856,1997,314,18
6856,1998,300,18
6856,1999,295,18
6856,2000,297,18
6856,2001,294,18
6856,2002,290,18
6856,2005,306,18
6856,2006,315,18
6856,2007,302,18
6856,2008,311,18
6856,2009,303,18
6856,2010,300,18
6856,2011,284,18
6856,2012,312,18
6856,2013,308,18
6856,2014,288,18
6856,2015,305,18
6857,1996,264,20
6857,1997,281,20
6857,1998,270,20
6857,1999,277,20
6857,2000,276,20
6857,2001,269,20
6857,2002,272,20
6857,2003,258,20
6857,2004,275,20
6857,2005,288,20
6857,2006,293,20
6857,2007,254,20
6857,2008,280,20
6857,2009,268,20
6857,2010,268,20
6857,2011,275,20
6857,2012,267,20
6857,2013,295,20
6857,2014,273,20
6857,2015,248,20
6859,1996,273,19
6859,1997,293,19
6859,1998,273,19
6859,1999,263,19
6859,2000,264,19
6859,2001,227,19
6859,2002,242,19
6859,2003,242,19
6859,2004,269,19
6859,2005,263,19
6859,2007,263,19
6859,2008,263,19
6859,2009,288,19
6859,2010,267,19
6859,2011,273,19
6859,2012,256,19
6859,2013,273,19
6859,2014,268,19
6859,2015,283,19
6860,1998,268,18
6860,1999,278,18
6860,2000,272,18
6860,2001,270,18
6860,2002,273,18
6860,2003,268,18
6860,2004,277,18
6860,2005,276,18
6860,2006,276,18
6860,2007,258,18
6860,2008,264,18
6860,2009,270,18
6860,2010,271,18
6860,2011,271,18
6860,2012,276,18
6860,2013,268,18
6860,2014,265,18
6860,2015,258,18
6861,1996,259,19
6861,1997,274,19
6861,1998,274,19
6861,1999,274,19
6861,2001,269,19
6861,2002,273,19
6861,2003,263,19
6861,2004,275,19
6861,2005,269,19
6861,2006,277,19
6861,2007,274,19
6861,2008,274,19
6861,2009,263,19
6861,2010,268,19
6861,2011,269,19
6861,2012,281,19
6861,2013,278,19
6861,2014,277,19
6861,2015,273,19
7022,1997,266,16
7022,1998,271,16
7022,1999,245,16
7022,2000,251,16
7022,2001,260,16
7022,2002,259,16
7022,2004,261,16
7022,2005,255,16
7022,2006,253,16
7022,2007,258,16
7022,2008,254,16
7022,2009,258,16
7022,2010,255,16
7022,2011,263,16
7022,2012,269,16
7022,2015,265,16
7023,1996,276,16
7023,1997,285,16
7023,1998,318,16
7023,1999,288,16
7023,2000,306,16
7023,2001,283,16
7023,2002,265,16
7023,2003,305,16
7023,2004,204,16
7023,2009,288,16
7023,2010,272,16
7023,2011,274,16
7023,2012,278,16
7023,2013,280,16
7023,2014,271,16
7023,2015,280,16
7155,1998,260,18
7155,1999,263,18
7155,2000,266,18
7155,2001,279,18
7155,2002,269,18
7155,2003,254,18
7155,2004,273,18
7155,2005,269,18
7155,2006,268,18
7155,2007,267,18
7155,2008,273,18
7155,2009,283,18
7155,2010,271,18
7155,2011,275,18
7155,2012,279,18
7155,2013,276,18
7155,2014,283,18
7155,2015,288,18
7156,1999,245,16
7156,2000,264,16
7156,2001,259,16
7156,2002,240,16
7156,2003,253,16
7156,2004,256,16
7156,2005,263,16
7156,2006,265,16
7156,2007,263,16
7156,2008,271,16
7156,2010,249,16
7156,2011,267,16
7156,2012,261,16
7156,2013,264,16
7156,2014,274,16
7156,2015,275,16
7160,1998,264,16
7160,1999,252,16
7160,2000,264,16
7160,2001,266,16
7160,2002,277,16
7160,2003,258,16
7160,2004,263,16
7160,2005,266,16
7160,2006,272,16
7160,2007,263,16
7160,2008,270,16
7160,2009,271,16
7160,2010,258,16
7160,2012,265,16
7160,2013,259,16
7160,2014,265,16
7163,1998,253,16
7163,1999,249,16
7163,2000,248,16
7163,2001,246,16
7163,2002,241,16
7163,2003,248,16
7163,2004,252,16
7163,2005,270,16
7163,2006,271,16
7163,2009,266,16
7163,2010,278,16
7163,2011,276,16
7163,2012,277,16
7163,2013,281,16
7163,2014,279,16
7163,2015,290,16
7165,1998,253,16
7165,1999,235,16
7165,2000,257,16
7165,2001,239,16
7165,2002,255,16
7165,2003,260,16
7165,2004,266,16
7165,2005,269,16
7165,2006,271,16
7165,2007,262,16
7165,2009,279,16
7165,2011,267,16
7165,2012,276,16
7165,2013,266,16
7165,2014,280,16
7165,2015,274,16
7172,1998,264,15
7172,1999,257,15
7172,2000,265,15
7172,2001,266,15
7172,2002,268,15
7172,2003,272,15
7172,2005,265,15
7172,2007,267,15
7172,2008,261,15
7172,2009,271,15
7172,2010,267,15
7172,2012,258,15
7172,2013,262,15
7172,2014,265,15
7172,2015,167,15
7173,1998,256,17
7173,1999,242,17
7173,2000,261,17
7173,2001,267,17
7173,2002,266,17
7173,2003,251,17
7173,2004,263,17
7173,2005,269,17
7173,2006,275,17
7173,2007,264,17
7173,2008,266,17
7173,2010,263,17
7173,2011,267,17
7173,2012,262,17
7173,2013,258,17
7173,2014,272,17
7173,2015,261,17
7175,1998,233,15
7175,1999,230,15
7175,2000,238,15
7175,2001,232,15
7175,2002,234,15
7175,2003,247,15
7175,2004,242,15
7175,2005,235,15
7175,2006,231,15
7175,2007,259,15
7175,2008,262,15
7175,2010,254,15
7175,2011,252,15
7175,2012,264,15
7175,2015,261,15
7178,1998,250,16
7178,1999,242,16
7178,2000,222,16
7178,2001,229,16
7178,2003,251,16
7178,2004,266,16
7178,2005,251,16
7178,2006,240,16
7178,2007,260,16
7178,2008,255,16
7178,2010,254,16
7178,2011,248,16
7178,2012,247,16
7178,2013,250,16
7178,2014,270,16
7178,2015,260,16
7180,1998,243,16
7180,1999,231,16
7180,2000,233,16
7180,2001,239,16
7180,2002,234,16
7180,2003,244,16
7180,2004,252,16
7180,2005,234,16
7180,2006,229,16
7180,2007,258,16
7180,2008,260,16
7180,2009,259,16
7180,2010,251,16
7180,2011,253,16
7180,2012,261,16
7180,2014,255,16
7185,1998,253,18
7185,1999,235,18
7185,2000,243,18
7185,2001,229,18
7185,2002,238,18
7185,2003,251,18
7185,2004,263,18
7185,2005,258,18
7185,2006,243,18
7185,2007,255,18
7185,2008,254,18
7185,2009,259,18
7185,2010,253,18
7185,2011,253,18
7185,2012,254,18
7185,2013,246,18
7185,2014,257,18
7185,2015,259,18
