7036,1979,295,17
7036,1980,300,17
7036,1981,287,17
7036,1982,277,17
7036,1983,288,17
7036,1984,286,17
7036,1985,283,17
7036,1986,281,17
7036,1987,289,17
7036,1988,295,17
7036,1989,288,17
7036,1990,283,17
7036,1991,293,17
7036,1992,299,17
7036,1993,281,17
7036,1994,288,17
7036,1995,272,17
7044,1980,281,19
7044,1982,297,19
7044,1984,263,19
7044,1985,295,19
7044,1986,279,19
7044,1987,279,19
7044,1988,290,19
7044,1989,289,19
7044,1990,284,19
7044,1991,287,19
7044,1992,301,19
7044,1993,281,19
7044,1994,293,19
7044,1995,296,19
7044,1996,293,19
7044,1997,307,19
7044,1998,278,19
7044,1999,303,19
7044,2000,287,19
7053,1979,280,16
7053,1980,289,16
7053,1981,279,16
7053,1982,301,16
7053,1983,290,16
7053,1984,284,16
7053,1985,308,16
7053,1986,283,16
7053,1987,277,16
7053,1988,292,16
7053,1989,295,16
7053,1990,298,16
7053,1991,301,16
7053,1992,299,16
7053,1993,292,16
7053,1994,278,16
7058,1979,289,19
7058,1980,288,19
7058,1981,258,19
7058,1982,285,19
7058,1983,284,19
7058,1984,286,19
7058,1985,288,19
7058,1986,285,19
7058,1987,279,19
7058,1988,280,19
7058,1989,291,19
7058,1990,278,19
7058,1991,280,19
7058,1994,283,19
7058,1996,278,19
7058,1997,282,19
7058,1998,274,19
7058,1999,299,19
7058,2000,282,19
7059,1979,295,15
7059,1980,298,15
7059,1981,278,15
7059,1982,309,15
7059,1983,291,15
7059,1984,306,15
7059,1985,293,15
7059,1986,288,15
7059,1987,274,15
7059,1988,280,15
7059,1989,283,15
7059,1990,289,15
7059,1991,295,15
7059,1992,282,15
7059,1993,269,15
7060,1980,297,19
7060,1981,294,19
7060,1982,308,19
7060,1983,300,19
7060,1985,308,19
7060,1986,308,19
7060,1987,304,19
7060,1988,289,19
7060,1990,306,19
7060,1991,306,19
7060,1992,285,19
7060,1993,280,19
7060,1994,285,19
7060,1995,313,19
7060,1996,300,19
7060,1997,275,19
7060,1998,277,19
7060,1999,273,19
7060,2000,282,19
7062,1979,280,22
7062,1980,293,22
7062,1981,300,22
7062,1982,309,22
7062,1983,285,22
7062,1984,289,22
7062,1985,294,22
7062,1986,287,22
7062,1987,288,22
7062,1988,302,22
7062,1989,274,22
7062,1990,219,22
7062,1991,237,22
7062,1992,294,22
7062,1993,271,22
7062,1994,290,22
7062,1995,301,22
7062,1996,265,22
7062,1997,287,22
7062,1998,261,22
7062,1999,279,22
7062,2000,280,22
7064,1979,307,19
7064,1980,296,19
7064,1981,303,19
7064,1982,306,19
7064,1983,308,19
7064,1984,304,19
7064,1986,294,19
7064,1987,288,19
7064,1988,293,19
7064,1989,283,19
7064,1990,283,19
7064,1991,288,19
7064,1992,288,19
7064,1993,299,19
7064,1994,289,19
7064,1995,290,19
7064,1996,287,19
7064,1997,289,19
7064,1998,288,19
7067,1979,293,21
7067,1980,290,21
7067,1981,284,21
7067,1982,292,21
7067,1983,304,21
7067,1984,289,21
7067,1985,302,21
7067,1986,295,21
7067,1987,294,21
7067,1988,295,21
7067,1989,295,21
7067,1990,307,21
7067,1991,305,21
7067,1992,302,21
7067,1993,290,21
7067,1994,292,21
7067,1996,283,21
7067,1997,288,21
7067,1998,289,21
7067,1999,297,21
7067,2000,290,21
7068,1979,276,22
7068,1980,286,22
7068,1981,275,22
7068,1982,285,22
7068,1983,289,22
7068,1984,287,22
7068,1985,292,22
7068,1986,278,22
7068,1987,288,22
7068,1988,285,22
7068,1989,290,22
7068,1990,290,22
7068,1991,306,22
7068,1992,302,22
7068,1993,283,22
7068,1994,289,22
7068,1995,306,22
7068,1996,294,22
7068,1997,296,22
7068,1998,293,22
7068,1999,294,22
7068,2000,292,22
7070,1979,285,22
7070,1980,298,22
7070,1981,279,22
7070,1982,298,22
7070,1983,293,22
7070,1984,298,22
7070,1985,285,22
7070,1986,295,22
7070,1987,294,22
7070,1988,291,22
7070,1989,298,22
7070,1990,283,22
7070,1991,310,22
7070,1992,303,22
7070,1993,291,22
7070,1994,289,22
7070,1995,288,22
7070,1996,287,22
7070,1997,289,22
7070,1998,294,22
7070,1999,293,22
7070,2000,292,22
7071,1979,277,22
7071,1980,274,22
7071,1981,284,22
7071,1982,301,22
7071,1983,285,22
7071,1984,290,22
7071,1985,286,22
7071,1986,289,22
7071,1987,286,22
7071,1988,285,22
7071,1989,276,22
7071,1990,291,22
7071,1991,280,22
7071,1992,288,22
7071,1993,252,22
7071,1994,268,22
7071,1995,258,22
7071,1996,263,22
7071,1997,261,22
7071,1998,269,22
7071,1999,249,22
7071,2000,263,22
7074,1979,278,22
7074,1980,283,22
7074,1981,280,22
7074,1982,277,22
7074,1983,278,22
7074,1984,292,22
7074,1985,291,22
7074,1986,299,22
7074,1987,303,22
7074,1988,308,22
7074,1989,270,22
7074,1990,275,22
7074,1991,289,22
7074,1992,272,22
7074,1993,281,22
7074,1994,269,22
7074,1995,288,22
7074,1996,272,22
7074,1997,258,22
7074,1998,289,22
7074,1999,293,22
7074,2000,273,22
7075,1979,283,22
7075,1980,291,22
7075,1981,281,22
7075,1982,291,22
7075,1983,293,22
7075,1984,280,22
7075,1985,267,22
7075,1986,252,22
7075,1987,262,22
7075,1988,247,22
7075,1989,269,22
7075,1990,257,22
7075,1991,261,22
7075,1992,252,22
7075,1993,254,22
7075,1994,270,22
7075,1995,282,22
7075,1996,261,22
7075,1997,260,22
7075,1998,260,22
7075,1999,254,22
7075,2000,240,22
7076,1979,293,21
7076,1980,289,21
7076,1981,278,21
7076,1982,273,21
7076,1983,253,21
7076,1984,283,21
7076,1985,272,21
7076,1986,254,21
7076,1987,271,21
7076,1988,263,21
7076,1989,273,21
7076,1990,271,21
7076,1991,294,21
7076,1992,275,21
7076,1994,258,21
7076,1995,263,21
7076,1996,266,21
7076,1997,265,21
7076,1998,247,21
7076,1999,260,21
7076,2000,264,21
7077,1979,276,21
7077,1980,278,21
7077,1981,282,21
7077,1982,298,21
7077,1983,294,21
7077,1984,299,21
7077,1985,286,21
7077,1986,268,21
7077,1987,293,21
7077,1988,283,21
7077,1989,291,21
7077,1990,283,21
7077,1991,285,21
7077,1992,268,21
7077,1994,286,21
7077,1995,301,21
7077,1996,273,21
7077,1997,268,21
7077,1998,292,21
7077,1999,287,21
7077,2000,282,21
7096,1979,276,18
7096,1984,293,18
7096,1985,284,18
7096,1986,279,18
7096,1987,276,18
7096,1988,289,18
7096,1989,283,18
7096,1990,281,18
7096,1991,293,18
7096,1992,291,18
7096,1993,294,18
7096,1994,299,18
7096,1995,309,18
7096,1996,300,18
7096,1997,299,18
7096,1998,283,18
7096,1999,291,18
7096,2000,288,18
7099,1979,291,22
7099,1980,296,22
7099,1981,285,22
7099,1982,280,22
7099,1983,287,22
7099,1984,292,22
7099,1985,303,22
7099,1986,296,22
7099,1987,296,22
7099,1988,290,22
7099,1989,285,22
7099,1990,286,22
7099,1991,287,22
7099,1992,291,22
7099,1993,282,22
7099,1994,284,22
7099,1995,278,22
7099,1996,274,22
7099,1997,274,22
7099,1998,286,22
7099,1999,272,22
7099,2000,287,22
7101,1979,295,15
7101,1980,299,15
7101,1981,297,15
7101,1982,288,15
7101,1983,297,15
7101,1984,291,15
7101,1985,298,15
7101,1991,280,15
7101,1992,276,15
7101,1993,293,15
7101,1995,300,15
7101,1996,282,15
7101,1997,298,15
7101,1998,301,15
7101,1999,299,15
7109,1979,285,20
7109,1980,288,20
7109,1981,289,20
7109,1982,272,20
7109,1984,285,20
7109,1985,288,20
7109,1986,286,20
7109,1987,288,20
7109,1988,290,20
7109,1990,288,20
7109,1991,291,20
7109,1992,289,20
7109,1993,308,20
7109,1994,297,20
7109,1995,298,20
7109,1996,284,20
7109,1997,296,20
7109,1998,303,20
7109,1999,277,20
7109,2000,255,20
7110,1979,298,21
7110,1980,299,21
7110,1981,302,21
7110,1982,308,21
7110,1983,296,21
7110,1984,296,21
7110,1985,267,21
7110,1986,282,21
7110,1987,287,21
7110,1988,285,21
7110,1989,269,21
7110,1990,274,21
7110,1991,294,21
7110,1992,265,21
7110,1993,295,21
7110,1994,276,21
7110,1995,281,21
7110,1996,263,21
7110,1997,251,21
7110,1998,246,21
7110,1999,262,21
7113,1979,294,21
7113,1980,290,21
7113,1981,289,21
7113,1982,284,21
7113,1983,270,21
7113,1984,285,21
7113,1985,278,21
7113,1986,276,21
7113,1988,274,21
7113,1989,267,21
7113,1990,267,21
7113,1991,279,21
7113,1992,287,21
7113,1993,292,21
7113,1994,297,21
7113,1995,281,21
7113,1996,283,21
7113,1997,283,21
7113,1998,299,21
7113,1999,299,21
7113,2000,299,21
7114,1979,263,20
7114,1980,273,20
7114,1982,292,20
7114,1983,289,20
7114,1984,294,20
7114,1985,291,20
7114,1986,298,20
7114,1987,273,20
7114,1988,273,20
7114,1989,283,20
7114,1990,290,20
7114,1991,295,20
7114,1992,293,20
7114,1993,274,20
7114,1994,273,20
7114,1995,283,20
7114,1996,293,20
7114,1998,288,20
7114,1999,283,20
7114,2000,278,20
7115,1979,287,15
7115,1980,284,15
7115,1981,297,15
7115,1982,292,15
7115,1983,300,15
7115,1984,299,15
7115,1985,293,15
7115,1986,280,15
7115,1987,283,15
7115,1988,286,15
7115,1989,290,15
7115,1990,274,15
7115,1991,293,15
7115,1992,288,15
7115,1993,289,15
7119,1979,262,15
7119,1980,299,15
7119,1981,270,15
7119,1982,301,15
7119,1983,305,15
7119,1984,300,15
7119,1985,304,15
7119,1986,297,15
7119,1987,289,15
7119,1988,298,15
7119,1989,293,15
7119,1990,281,15
7119,1991,305,15
7119,1992,279,15
7119,1993,298,15
7139,1979,270,15
7139,1980,251,15
7139,1981,261,15
7139,1982,242,15
7139,1984,263,15
7139,1985,255,15
7139,1986,259,15
7139,1987,250,15
7139,1988,238,15
7139,1989,267,15
7139,1990,289,15
7139,1991,295,15
7139,1992,287,15
7139,1993,286,15
7139,1996,274,15
7154,1998,267,16
7154,1999,274,16
7154,2000,265,16
7154,2001,263,16
7154,2002,263,16
7154,2003,262,16
7154,2004,263,16
7154,2005,264,16
7154,2006,279,16
7154,2007,273,16
7154,2008,269,16
7154,2009,286,16
7154,2011,266,16
7154,2012,264,16
7154,2014,271,16
7154,2015,273,16
7155,1998,256,18
7155,1999,263,18
7155,2000,268,18
7155,2001,277,18
7155,2002,273,18
7155,2003,265,18
7155,2004,263,18
7155,2005,265,18
7155,2006,271,18
7155,2007,268,18
7155,2008,266,18
7155,2009,276,18
7155,2010,271,18
7155,2011,269,18
7155,2012,269,18
7155,2013,269,18
7155,2014,273,18
7155,2015,266,18
7156,1998,250,18
7156,1999,252,18
7156,2000,257,18
7156,2001,267,18
7156,2002,253,18
7156,2003,254,18
7156,2004,248,18
7156,2005,266,18
7156,2006,274,18
7156,2007,253,18
7156,2008,270,18
7156,2009,270,18
7156,2010,272,18
7156,2011,260,18
7156,2012,258,18
7156,2013,265,18
7156,2014,273,18
7156,2015,271,18
7159,1998,252,15
7159,1999,246,15
7159,2000,261,15
7159,2001,254,15
7159,2002,245,15
7159,2003,247,15
7159,2004,242,15
7159,2005,250,15
7159,2008,254,15
7159,2010,257,15
7159,2011,262,15
7159,2012,260,15
7159,2013,262,15
7159,2014,260,15
7159,2015,265,15
7163,1998,264,18
7163,1999,266,18
7163,2000,261,18
7163,2001,263,18
7163,2002,248,18
7163,2003,254,18
7163,2004,254,18
7163,2005,257,18
7163,2006,271,18
7163,2007,269,18
7163,2008,266,18
7163,2009,266,18
7163,2010,268,18
7163,2011,267,18
7163,2012,267,18
7163,2013,275,18
7163,2014,268,18
7163,2015,280,18
7165,1998,246,18
7165,1999,231,18
7165,2000,236,18
7165,2001,239,18
7165,2002,231,18
7165,2003,247,18
7165,2004,242,18
7165,2005,245,18
7165,2006,269,18
7165,2007,262,18
7165,2008,259,18
7165,2009,263,18
7165,2010,271,18
7165,2011,270,18
7165,2012,271,18
7165,2013,271,18
7165,2014,269,18
7165,2015,275,18
7172,1998,253,18
7172,1999,243,18
7172,2000,236,18
7172,2001,242,18
7172,2002,245,18
7172,2003,246,18
7172,2004,239,18
7172,2005,251,18
7172,2006,285,18
7172,2007,260,18
7172,2008,255,18
7172,2009,257,18
7172,2010,267,18
7172,2011,251,18
7172,2012,260,18
7172,2013,263,18
7172,2014,260,18
7172,2015,255,18
7173,1998,248,18
7173,1999,235,18
7173,2000,240,18
7173,2001,235,18
7173,2002,231,18
7173,2003,233,18
7173,2004,242,18
7173,2005,248,18
7173,2006,261,18
7173,2007,265,18
7173,2008,261,18
7173,2009,259,18
7173,2010,262,18
7173,2011,250,18
7173,2012,247,18
7173,2013,255,18
7173,2014,256,18
7173,2015,252,18
7174,1998,236,17
7174,1999,238,17
7174,2000,240,17
7174,2001,232,17
7174,2002,231,17
7174,2003,237,17
7174,2004,242,17
7174,2005,238,17
7174,2006,256,17
7174,2007,250,17
7174,2008,254,17
7174,2009,251,17
7174,2010,251,17
7174,2011,250,17
7174,2012,251,17
7174,2013,254,17
7174,2014,247,17
7175,1998,234,15
7175,1999,243,15
7175,2000,242,15
7175,2001,242,15
7175,2002,241,15
7175,2003,247,15
7175,2004,245,15
7175,2005,236,15
7175,2006,257,15
7175,2007,259,15
7175,2008,254,15
7175,2010,252,15
7175,2011,257,15
7175,2012,257,15
7175,2015,252,15
7178,1998,239,17
7178,1999,235,17
7178,2000,243,17
7178,2001,246,17
7178,2002,245,17
7178,2003,244,17
7178,2004,245,17
7178,2005,230,17
7178,2006,250,17
7178,2007,256,17
7178,2008,252,17
7178,2010,251,17
7178,2011,234,17
7178,2012,245,17
7178,2013,250,17
7178,2014,254,17
7178,2015,252,17
7180,1998,243,17
7180,1999,238,17
7180,2000,242,17
7180,2001,239,17
7180,2002,239,17
7180,2003,247,17
7180,2004,249,17
7180,2005,237,17
7180,2006,250,17
7180,2007,253,17
7180,2008,250,17
7180,2009,234,17
7180,2010,230,17
7180,2011,249,17
7180,2012,233,17
7180,2013,235,17
7180,2014,241,17
7184,1998,245,18
7184,1999,256,18
7184,2000,264,18
7184,2001,249,18
7184,2002,246,18
7184,2003,258,18
7184,2004,263,18
7184,2005,265,18
7184,2006,257,18
7184,2007,253,18
7184,2008,253,18
7184,2009,240,18
7184,2010,241,18
7184,2011,248,18
7184,2012,243,18
7184,2013,251,18
7184,2014,254,18
7184,2015,252,18
7185,1998,236,15
7185,1999,250,15
7185,2000,239,15
7185,2001,235,15
7185,2003,236,15
7185,2004,235,15
7185,2005,232,15
7185,2006,250,15
7185,2008,253,15
7185,2009,246,15
7185,2010,251,15
7185,2012,253,15
7185,2013,249,15
7185,2014,260,15
7185,2015,254,15
8273,1979,268,21
8273,1980,266,21
8273,1981,289,21
8273,1982,278,21
8273,1983,255,21
8273,1984,282,21
8273,1985,279,21
8273,1986,289,21
8273,1987,283,21
8273,1989,298,21
8273,1990,274,21
8273,1991,293,21
8273,1992,293,21
8273,1993,292,21
8273,1995,292,21
8273,1996,295,21
8273,1997,285,21
8273,1998,290,21
8273,1999,287,21
8273,2000,287,21
8273,2010,282,21
8274,1979,298,16
8274,1982,285,16
8274,1983,276,16
8274,1984,299,16
8274,1985,277,16
8274,1986,266,16
8274,1987,271,16
8274,1990,289,16
8274,1991,270,16
8274,1992,271,16
8274,1993,270,16
8274,1994,273,16
8274,1995,293,16
8274,1996,263,16
8274,1997,273,16
8274,2000,272,16
8276,1979,312,17
8276,1980,316,17
8276,1981,309,17
8276,1982,308,17
8276,1983,305,17
8276,1984,310,17
8276,1985,314,17
8276,1986,308,17
8276,1987,312,17
8276,1989,312,17
8276,1990,308,17
8276,1991,303,17
8276,1992,295,17
8276,1997,318,17
8276,1998,314,17
8276,1999,311,17
8276,2000,303,17
